Omm=0.3111	 Omb=0.0490	 h=0.677	 ns=0.9665	 Acamb=2.105e-09
z=0.0000	 D1=0.786	 D10=0.786	 f=0.5234	 r=0.00 Mpc/h
Cosmic variance for the octupole, with coefficient set to 1
0.000000e+00	 4.000000e+00	8.000000e+00	1.200000e+01	1.600000e+01	2.000000e+01	2.400000e+01	2.800000e+01	3.200000e+01	3.600000e+01	4.000000e+01	4.400000e+01	4.800000e+01	5.200000e+01	5.600000e+01	6.000000e+01	6.400000e+01	6.800000e+01	7.200000e+01	7.600000e+01	8.000000e+01	8.400000e+01	8.800000e+01	9.200000e+01	9.600000e+01	1.000000e+02	1.040000e+02	1.080000e+02	1.120000e+02	1.160000e+02	1.200000e+02	1.240000e+02	1.280000e+02	1.320000e+02	1.360000e+02	1.400000e+02	1.440000e+02	1.480000e+02	1.520000e+02	1.560000e+02	1.600000e+02	1.640000e+02	1.680000e+02	1.720000e+02
4.000000e+00	 1.803726e-04	3.609756e-04	3.931812e-04	3.765174e-04	3.439661e-04	3.079554e-04	2.729813e-04	2.407197e-04	2.120403e-04	1.865785e-04	1.643780e-04	1.449366e-04	1.280276e-04	1.132865e-04	1.004614e-04	8.930231e-05	7.961151e-05	7.125478e-05	6.410381e-05	5.804950e-05	5.286811e-05	4.802850e-05	4.266944e-05	3.612165e-05	2.891149e-05	2.250165e-05	1.801783e-05	1.557319e-05	1.459144e-05	1.439149e-05	1.447145e-05	1.453071e-05	1.444017e-05	1.416250e-05	1.372052e-05	1.314754e-05	1.248201e-05	1.176224e-05	1.101425e-05	1.026815e-05	9.538487e-06	8.837249e-06	8.171660e-06
8.000000e+00	 3.609756e-04	1.646008e-03	2.442055e-03	2.613220e-03	2.514440e-03	2.314485e-03	2.086333e-03	1.860798e-03	1.650871e-03	1.460927e-03	1.291966e-03	1.142764e-03	1.011757e-03	8.969953e-04	7.966360e-04	7.090613e-04	6.328474e-04	5.669749e-04	5.105295e-04	4.625013e-04	4.208638e-04	3.813384e-04	3.377479e-04	2.862824e-04	2.308985e-04	1.815199e-04	1.461439e-04	1.260541e-04	1.174177e-04	1.152342e-04	1.155045e-04	1.158155e-04	1.150431e-04	1.128576e-04	1.093701e-04	1.048500e-04	9.958648e-05	9.387995e-05	8.794812e-05	8.201603e-05	7.620727e-05	7.062532e-05	6.531338e-05
1.200000e+01	 3.931812e-04	2.442055e-03	5.254187e-03	6.856425e-03	7.243661e-03	7.010840e-03	6.511187e-03	5.920070e-03	5.321210e-03	4.753109e-03	4.231930e-03	3.762976e-03	3.344974e-03	2.975045e-03	2.649094e-03	2.363007e-03	2.113090e-03	1.896319e-03	1.709869e-03	1.549748e-03	1.408079e-03	1.270819e-03	1.121411e-03	9.527055e-04	7.768242e-04	6.197143e-04	5.034006e-04	4.334056e-04	4.003899e-04	3.897013e-04	3.885205e-04	3.885730e-04	3.856740e-04	3.784202e-04	3.669407e-04	3.520089e-04	3.345920e-04	3.156156e-04	2.958903e-04	2.760703e-04	2.566294e-04	2.379340e-04	2.201006e-04
1.600000e+01	 3.765174e-04	2.613220e-03	6.856425e-03	1.115288e-02	1.354484e-02	1.415764e-02	1.375964e-02	1.287659e-02	1.180122e-02	1.068665e-02	9.610810e-03	8.610495e-03	7.698817e-03	6.879039e-03	6.148353e-03	5.501560e-03	4.933184e-03	4.437549e-03	4.008139e-03	3.633855e-03	3.294336e-03	2.960061e-03	2.603909e-03	2.219843e-03	1.832625e-03	1.486910e-03	1.222078e-03	1.051974e-03	9.629203e-04	9.272859e-04	9.175209e-04	9.140389e-04	9.059622e-04	8.889667e-04	8.625915e-04	8.282725e-04	7.880583e-04	7.440827e-04	6.981991e-04	6.519303e-04	6.064198e-04	5.625468e-04	5.205536e-04
2.000000e+01	 3.439661e-04	2.514440e-03	7.243661e-03	1.354484e-02	1.910694e-02	2.217286e-02	2.297227e-02	2.238574e-02	2.107738e-02	1.944967e-02	1.773236e-02	1.604993e-02	1.446366e-02	1.300378e-02	1.168044e-02	1.049571e-02	9.445143e-03	8.521268e-03	7.711300e-03	6.990828e-03	6.321094e-03	5.657123e-03	4.967616e-03	4.254429e-03	3.556855e-03	2.935666e-03	2.445261e-03	2.109683e-03	1.915132e-03	1.822512e-03	1.786252e-03	1.769721e-03	1.750142e-03	1.716806e-03	1.667036e-03	1.602461e-03	1.526531e-03	1.443090e-03	1.355620e-03	1.267040e-03	1.179594e-03	1.094960e-03	1.013642e-03
2.400000e+01	 3.079554e-04	2.314485e-03	7.010840e-03	1.415764e-02	2.217286e-02	2.873232e-02	3.231973e-02	3.324338e-02	3.244919e-02	3.070150e-02	2.849660e-02	2.613712e-02	2.379600e-02	2.156536e-02	1.949546e-02	1.761184e-02	1.591892e-02	1.441121e-02	1.306618e-02	1.184158e-02	1.068105e-02	9.532228e-03	8.369391e-03	7.207447e-03	6.098011e-03	5.114993e-03	4.319162e-03	3.743603e-03	3.378093e-03	3.177726e-03	3.080890e-03	3.030765e-03	2.987022e-03	2.927544e-03	2.844163e-03	2.737226e-03	2.611225e-03	2.472009e-03	2.325320e-03	2.176005e-03	2.027886e-03	1.883850e-03	1.744839e-03
2.800000e+01	 2.729813e-04	2.086333e-03	6.511187e-03	1.375964e-02	2.297227e-02	3.231973e-02	3.961378e-02	4.356855e-02	4.454859e-02	4.353129e-02	4.134739e-02	3.857357e-02	3.557139e-02	3.256195e-02	2.967508e-02	2.698403e-02	2.451908e-02	2.228158e-02	2.024012e-02	1.833863e-02	1.651384e-02	1.471901e-02	1.294271e-02	1.121464e-02	9.596939e-03	8.165052e-03	6.983618e-03	6.091396e-03	5.479327e-03	5.103584e-03	4.893087e-03	4.772836e-03	4.681671e-03	4.580435e-03	4.450565e-03	4.288003e-03	4.096859e-03	3.884735e-03	3.659901e-03	3.429678e-03	3.200026e-03	2.975419e-03	2.757683e-03
3.200000e+01	 2.407197e-04	1.860798e-03	5.920070e-03	1.287659e-02	2.238574e-02	3.324338e-02	4.356855e-02	5.136319e-02	5.554521e-02	5.651637e-02	5.526770e-02	5.267206e-02	4.935955e-02	4.574878e-02	4.210726e-02	3.858965e-02	3.527881e-02	3.219326e-02	2.930465e-02	2.655945e-02	2.390562e-02	2.131536e-02	1.879706e-02	1.639437e-02	1.417492e-02	1.221293e-02	1.057065e-02	9.282542e-03	8.344652e-03	7.715209e-03	7.320950e-03	7.075485e-03	6.898466e-03	6.730161e-03	6.535979e-03	6.302621e-03	6.030817e-03	5.728561e-03	5.406332e-03	5.074276e-03	4.740844e-03	4.412767e-03	4.093282e-03
3.600000e+01	 2.120403e-04	1.650871e-03	5.321210e-03	1.180122e-02	2.107738e-02	3.244919e-02	4.454859e-02	5.554521e-02	6.364332e-02	6.793268e-02	6.885073e-02	6.737448e-02	6.440337e-02	6.060930e-02	5.645383e-02	5.222114e-02	4.807370e-02	4.407486e-02	4.022651e-02	3.650453e-02	3.288869e-02	2.938145e-02	2.601422e-02	2.284314e-02	1.993812e-02	1.736872e-02	1.518999e-02	1.343210e-02	1.208984e-02	1.112472e-02	1.046593e-02	1.002360e-02	9.704704e-03	9.430057e-03	9.145181e-03	8.821907e-03	8.452849e-03	8.043449e-03	7.605059e-03	7.150284e-03	6.690468e-03	6.235204e-03	5.789782e-03
4.000000e+01	 1.865785e-04	1.460927e-03	4.753109e-03	1.068665e-02	1.944967e-02	3.070150e-02	4.353129e-02	5.651637e-02	6.793268e-02	7.617704e-02	8.049204e-02	8.132701e-02	7.964648e-02	7.635849e-02	7.214152e-02	6.746249e-02	6.260253e-02	5.771246e-02	5.286453e-02	4.809582e-02	4.343824e-02	3.893446e-02	3.464201e-02	3.062943e-02	2.696788e-02	2.372123e-02	2.093634e-02	1.863686e-02	1.681537e-02	1.543343e-02	1.442606e-02	1.370495e-02	1.317244e-02	1.273581e-02	1.232125e-02	1.188159e-02	1.139568e-02	1.086173e-02	1.028911e-02	9.691657e-03	9.083502e-03	8.477535e-03	7.881734e-03
4.400000e+01	 1.643780e-04	1.291966e-03	4.231930e-03	9.610810e-03	1.773236e-02	2.849660e-02	4.134739e-02	5.526770e-02	6.885073e-02	8.049204e-02	8.877061e-02	9.306021e-02	9.380848e-02	9.194781e-02	8.835084e-02	8.367827e-02	7.838032e-02	7.274765e-02	6.696820e-02	6.117295e-02	5.546599e-02	4.994088e-02	4.468652e-02	3.978662e-02	3.531563e-02	3.133345e-02	2.787996e-02	2.497262e-02	2.260073e-02	2.072630e-02	1.928861e-02	1.820408e-02	1.737654e-02	1.670758e-02	1.610930e-02	1.551548e-02	1.488682e-02	1.420867e-02	1.348397e-02	1.272522e-02	1.194829e-02	1.116931e-02	1.039941e-02
4.800000e+01	 1.449366e-04	1.142764e-03	3.762976e-03	8.610495e-03	1.604993e-02	2.613712e-02	3.857357e-02	5.267206e-02	6.737448e-02	8.132701e-02	9.306021e-02	1.013190e-01	1.055220e-01	1.061483e-01	1.040416e-01	1.000245e-01	9.474516e-02	8.868027e-02	8.217551e-02	7.548690e-02	6.881158e-02	6.230735e-02	5.610348e-02	5.030552e-02	4.499670e-02	4.023757e-02	3.606465e-02	3.249161e-02	2.950554e-02	2.706886e-02	2.512481e-02	2.359535e-02	2.238917e-02	2.140850e-02	2.056120e-02	1.975913e-02	1.895161e-02	1.810428e-02	1.720825e-02	1.627054e-02	1.530636e-02	1.433413e-02	1.336811e-02
5.200000e+01	 1.280276e-04	1.011757e-03	3.344974e-03	7.698817e-03	1.446366e-02	2.379600e-02	3.557139e-02	4.935955e-02	6.440337e-02	7.964648e-02	9.380848e-02	1.055220e-01	1.136422e-01	1.176799e-01	1.180258e-01	1.154882e-01	1.108784e-01	1.048752e-01	9.801063e-02	9.069269e-02	8.323323e-02	7.587123e-02	6.878967e-02	6.212689e-02	5.598404e-02	5.042992e-02	4.550372e-02	4.121967e-02	3.756552e-02	3.450542e-02	3.198692e-02	2.993781e-02	2.827313e-02	2.689956e-02	2.572204e-02	2.465210e-02	2.361690e-02	2.256638e-02	2.147550e-02	2.034063e-02	1.917236e-02	1.798912e-02	1.680752e-02
5.600000e+01	 1.132865e-04	8.969953e-04	2.975045e-03	6.879039e-03	1.300378e-02	2.156536e-02	3.256195e-02	4.574878e-02	6.060930e-02	7.635849e-02	9.194781e-02	1.061483e-01	1.176799e-01	1.254798e-01	1.291110e-01	1.289636e-01	1.258413e-01	1.205757e-01	1.138844e-01	1.063434e-01	9.839937e-02	9.039179e-02	8.257469e-02	7.513419e-02	6.820206e-02	6.186518e-02	5.617577e-02	5.115312e-02	4.679080e-02	4.305749e-02	3.990655e-02	3.727230e-02	3.507686e-02	3.323326e-02	3.165002e-02	3.023717e-02	2.891348e-02	2.761425e-02	2.629719e-02	2.494365e-02	2.355618e-02	2.214489e-02	2.073121e-02
6.000000e+01	 1.004614e-04	7.966360e-04	2.649094e-03	6.148353e-03	1.168044e-02	1.949546e-02	2.967508e-02	4.210726e-02	5.645383e-02	7.214152e-02	8.835084e-02	1.040416e-01	1.180258e-01	1.291110e-01	1.363463e-01	1.393819e-01	1.386391e-01	1.349311e-01	1.291027e-01	1.218890e-01	1.138831e-01	1.055432e-01	9.721388e-02	8.914700e-02	8.152069e-02	7.445377e-02	6.802049e-02	6.225533e-02	5.716334e-02	5.272209e-02	4.889346e-02	4.561986e-02	4.283142e-02	4.044861e-02	3.838589e-02	3.655605e-02	3.487560e-02	3.327119e-02	3.168625e-02	3.008582e-02	2.845869e-02	2.680611e-02	2.514653e-02
6.400000e+01	 8.930231e-05	7.090613e-04	2.363007e-03	5.501560e-03	1.049571e-02	1.761184e-02	2.698403e-02	3.858965e-02	5.222114e-02	6.746249e-02	8.367827e-02	1.000245e-01	1.154882e-01	1.289636e-01	1.393819e-01	1.459233e-01	1.483301e-01	1.470496e-01	1.428890e-01	1.366836e-01	1.291617e-01	1.209107e-01	1.123830e-01	1.039153e-01	9.575007e-02	8.805337e-02	8.093440e-02	7.445316e-02	6.863409e-02	6.346956e-02	5.893402e-02	5.498054e-02	5.154887e-02	4.856816e-02	4.596037e-02	4.364381e-02	4.153714e-02	3.956420e-02	3.765968e-02	3.577487e-02	3.388328e-02	3.197213e-02	3.005506e-02
6.800000e+01	 7.961151e-05	6.328474e-04	2.113090e-03	4.933184e-03	9.445143e-03	1.591892e-02	2.451908e-02	3.527881e-02	4.807370e-02	6.260253e-02	7.838032e-02	9.474516e-02	1.108784e-01	1.258413e-01	1.386391e-01	1.483301e-01	1.542116e-01	1.560950e-01	1.544330e-01	1.500073e-01	1.436250e-01	1.359913e-01	1.276756e-01	1.191157e-01	1.106351e-01	1.024668e-01	9.476669e-02	8.763328e-02	8.111990e-02	7.524099e-02	6.998930e-02	6.533200e-02	6.122114e-02	5.759641e-02	5.438887e-02	5.152425e-02	4.892632e-02	4.652054e-02	4.423844e-02	4.202263e-02	3.983343e-02	3.764333e-02	3.545408e-02
7.200000e+01	 7.125478e-05	5.669749e-04	1.896319e-03	4.437549e-03	8.521268e-03	1.441121e-02	2.228158e-02	3.219326e-02	4.407486e-02	5.771246e-02	7.274765e-02	8.868027e-02	1.048752e-01	1.205757e-01	1.349311e-01	1.470496e-01	1.560950e-01	1.614527e-01	1.629780e-01	1.611113e-01	1.565967e-01	1.502032e-01	1.426055e-01	1.343497e-01	1.258560e-01	1.174378e-01	1.093155e-01	1.016386e-01	9.450028e-02	8.794590e-02	8.199292e-02	7.662794e-02	7.181892e-02	6.751882e-02	6.366983e-02	6.020695e-02	5.706947e-02	5.416274e-02	5.144432e-02	4.884765e-02	4.631663e-02	4.381862e-02	4.133903e-02
7.600000e+01	 6.410381e-05	5.105295e-04	1.709869e-03	4.008139e-03	7.711300e-03	1.306618e-02	2.024012e-02	2.930465e-02	4.022651e-02	5.286453e-02	6.696820e-02	8.217551e-02	9.801063e-02	1.138844e-01	1.291027e-01	1.428890e-01	1.544330e-01	1.629780e-01	1.679734e-01	1.693003e-01	1.673774e-01	1.629064e-01	1.566154e-01	1.491457e-01	1.410223e-01	1.326486e-01	1.243248e-01	1.162651e-01	1.086142e-01	1.014609e-01	9.484855e-02	8.879617e-02	8.329032e-02	7.830084e-02	7.378381e-02	6.968570e-02	6.594680e-02	6.250427e-02	5.929513e-02	5.626184e-02	5.334441e-02	5.050162e-02	4.770651e-02
8.000000e+01	 5.804950e-05	4.625013e-04	1.549748e-03	3.633855e-03	6.990828e-03	1.184158e-02	1.833863e-02	2.655945e-02	3.650453e-02	4.809582e-02	6.117295e-02	7.548690e-02	9.069269e-02	1.063434e-01	1.218890e-01	1.366836e-01	1.500073e-01	1.611113e-01	1.693003e-01	1.740712e-01	1.753209e-01	1.734434e-01	1.690981e-01	1.629723e-01	1.556797e-01	1.477199e-01	1.394818e-01	1.312588e-01	1.232573e-01	1.156184e-01	1.084274e-01	1.017366e-01	9.555920e-02	8.988666e-02	8.469253e-02	7.993750e-02	7.557341e-02	7.154655e-02	6.780051e-02	6.428148e-02	6.092972e-02	5.769997e-02	5.455674e-02
8.400000e+01	 5.286811e-05	4.208638e-04	1.408079e-03	3.294336e-03	6.321094e-03	1.068105e-02	1.651384e-02	2.390562e-02	3.288869e-02	4.343824e-02	5.546599e-02	6.881158e-02	8.323323e-02	9.839937e-02	1.138831e-01	1.291617e-01	1.436250e-01	1.565967e-01	1.673774e-01	1.753209e-01	1.799627e-01	1.812104e-01	1.794326e-01	1.752515e-01	1.693176e-01	1.622136e-01	1.544198e-01	1.463145e-01	1.381790e-01	1.302172e-01	1.225688e-01	1.153189e-01	1.085234e-01	1.021978e-01	9.633776e-02	9.092163e-02	8.591556e-02	8.127720e-02	7.696216e-02	7.291278e-02	6.908262e-02	6.542287e-02	6.190204e-02
8.800000e+01	 4.802850e-05	3.813384e-04	1.270819e-03	2.960061e-03	5.657123e-03	9.532228e-03	1.471901e-02	2.131536e-02	2.938145e-02	3.893446e-02	4.994088e-02	6.230735e-02	7.587123e-02	9.039179e-02	1.055432e-01	1.209107e-01	1.359913e-01	1.502032e-01	1.629064e-01	1.734434e-01	1.812104e-01	1.857750e-01	1.870558e-01	1.853988e-01	1.813883e-01	1.756423e-01	1.687168e-01	1.610755e-01	1.530818e-01	1.450116e-01	1.370658e-01	1.293840e-01	1.220525e-01	1.151384e-01	1.086401e-01	1.025787e-01	9.693104e-02	9.167265e-02	8.675876e-02	8.215155e-02	7.780459e-02	7.367706e-02	6.972391e-02
9.200000e+01	 4.266944e-05	3.377479e-04	1.121411e-03	2.603909e-03	4.967616e-03	8.369391e-03	1.294271e-02	1.879706e-02	2.601422e-02	3.464201e-02	4.468652e-02	5.610348e-02	6.878967e-02	8.257469e-02	9.721388e-02	1.123830e-01	1.276756e-01	1.426055e-01	1.566154e-01	1.690981e-01	1.794326e-01	1.870558e-01	1.915649e-01	1.928840e-01	1.913405e-01	1.874858e-01	1.819071e-01	1.751375e-01	1.676214e-01	1.597127e-01	1.516817e-01	1.437275e-01	1.359902e-01	1.285628e-01	1.215013e-01	1.148332e-01	1.085637e-01	1.026819e-01	9.716495e-02	9.198133e-02	8.709260e-02	8.246299e-02	7.805021e-02
9.600000e+01	 3.612165e-05	2.862824e-04	9.527055e-04	2.219843e-03	4.254429e-03	7.207447e-03	1.121464e-02	1.639437e-02	2.284314e-02	3.062943e-02	3.978662e-02	5.030552e-02	6.212689e-02	7.513419e-02	8.914700e-02	1.039153e-01	1.191157e-01	1.343497e-01	1.491457e-01	1.629723e-01	1.752515e-01	1.853988e-01	1.928840e-01	1.973327e-01	1.986762e-01	1.972231e-01	1.934972e-01	1.880560e-01	1.814099e-01	1.739887e-01	1.661369e-01	1.581202e-01	1.501361e-01	1.423261e-01	1.347859e-01	1.275754e-01	1.207263e-01	1.142488e-01	1.081368e-01	1.023722e-01	9.692680e-02	9.177211e-02	8.687108e-02
1.000000e+02	 2.891149e-05	2.308985e-04	7.768242e-04	1.832625e-03	3.556855e-03	6.098011e-03	9.596939e-03	1.417492e-02	1.993812e-02	2.696788e-02	3.531563e-02	4.499670e-02	5.598404e-02	6.820206e-02	8.152069e-02	9.575007e-02	1.106351e-01	1.258560e-01	1.410223e-01	1.556797e-01	1.693176e-01	1.813883e-01	1.913405e-01	1.986762e-01	2.030453e-01	2.043877e-01	2.029952e-01	1.993628e-01	1.940239e-01	1.874686e-01	1.801128e-01	1.722924e-01	1.642690e-01	1.562391e-01	1.483451e-01	1.406855e-01	1.333236e-01	1.262950e-01	1.196144e-01	1.132780e-01	1.072764e-01	1.015853e-01	9.617620e-02
1.040000e+02	 2.250165e-05	1.815199e-04	6.197143e-04	1.486910e-03	2.935666e-03	5.114993e-03	8.165052e-03	1.221293e-02	1.736872e-02	2.372123e-02	3.133345e-02	4.023757e-02	5.042992e-02	6.186518e-02	7.445377e-02	8.805337e-02	1.024668e-01	1.174378e-01	1.326486e-01	1.477199e-01	1.622136e-01	1.756423e-01	1.874858e-01	1.972231e-01	2.043877e-01	2.086524e-01	2.099614e-01	2.085933e-01	2.050192e-01	1.997491e-01	1.932546e-01	1.859386e-01	1.781294e-01	1.700840e-01	1.619980e-01	1.540145e-01	1.462340e-01	1.387304e-01	1.315183e-01	1.246430e-01	1.180972e-01	1.118705e-01	1.059451e-01
1.080000e+02	 1.801783e-05	1.461439e-04	5.034006e-04	1.222078e-03	2.445261e-03	4.319162e-03	6.983618e-03	1.057065e-02	1.518999e-02	2.093634e-02	2.787996e-02	3.606465e-02	4.550372e-02	5.617577e-02	6.802049e-02	8.093440e-02	9.476669e-02	1.093155e-01	1.243248e-01	1.394818e-01	1.544198e-01	1.687168e-01	1.819071e-01	1.934972e-01	2.029952e-01	2.099614e-01	2.140908e-01	2.153342e-01	2.139573e-01	2.104093e-01	2.051788e-01	1.987202e-01	1.914244e-01	1.836114e-01	1.755343e-01	1.673869e-01	1.593200e-01	1.514118e-01	1.437571e-01	1.363893e-01	1.293294e-01	1.225837e-01	1.161461e-01
1.120000e+02	 1.557319e-05	1.260541e-04	4.334056e-04	1.051974e-03	2.109683e-03	3.743603e-03	6.091396e-03	9.282542e-03	1.343210e-02	1.863686e-02	2.497262e-02	3.249161e-02	4.121967e-02	5.115312e-02	6.225533e-02	7.445316e-02	8.763328e-02	1.016386e-01	1.162651e-01	1.312588e-01	1.463145e-01	1.610755e-01	1.751375e-01	1.880560e-01	1.993628e-01	2.085933e-01	2.153342e-01	2.193006e-01	2.204494e-01	2.190349e-01	2.154863e-01	2.102722e-01	2.038307e-01	1.965406e-01	1.887142e-01	1.806072e-01	1.723883e-01	1.642254e-01	1.562132e-01	1.484226e-01	1.408988e-01	1.336665e-01	1.267349e-01
1.160000e+02	 1.459144e-05	1.174177e-04	4.003899e-04	9.629203e-04	1.915132e-03	3.378093e-03	5.479327e-03	8.344652e-03	1.208984e-02	1.681537e-02	2.260073e-02	2.950554e-02	3.756552e-02	4.679080e-02	5.716334e-02	6.863409e-02	8.111990e-02	9.450028e-02	1.086142e-01	1.232573e-01	1.381790e-01	1.530818e-01	1.676214e-01	1.814099e-01	1.940239e-01	2.050192e-01	2.139573e-01	2.204494e-01	2.242296e-01	2.252605e-01	2.237858e-01	2.202160e-01	2.150009e-01	2.085615e-01	2.012675e-01	1.934220e-01	1.852686e-01	1.769968e-01	1.687495e-01	1.606309e-01	1.527139e-01	1.450459e-01	1.376545e-01
1.200000e+02	 1.439149e-05	1.152342e-04	3.897013e-04	9.272859e-04	1.822512e-03	3.177726e-03	5.103584e-03	7.715209e-03	1.112472e-02	1.543343e-02	2.072630e-02	2.706886e-02	3.450542e-02	4.305749e-02	5.272209e-02	6.346956e-02	7.524099e-02	8.794590e-02	1.014609e-01	1.156184e-01	1.302172e-01	1.450116e-01	1.597127e-01	1.739887e-01	1.874686e-01	1.997491e-01	2.104093e-01	2.190349e-01	2.252605e-01	2.288373e-01	2.297330e-01	2.281804e-01	2.245745e-01	2.193459e-01	2.129017e-01	2.055975e-01	1.977298e-01	1.895376e-01	1.812075e-01	1.728819e-01	1.646657e-01	1.566330e-01	1.488335e-01
1.240000e+02	 1.447145e-05	1.155045e-04	3.885205e-04	9.175209e-04	1.786252e-03	3.080890e-03	4.893087e-03	7.320950e-03	1.046593e-02	1.442606e-02	1.928861e-02	2.512481e-02	3.198692e-02	3.990655e-02	4.889346e-02	5.893402e-02	6.998930e-02	8.199292e-02	9.484855e-02	1.084274e-01	1.225688e-01	1.370658e-01	1.516817e-01	1.661369e-01	1.801128e-01	1.932546e-01	2.051788e-01	2.154863e-01	2.237858e-01	2.297330e-01	2.330939e-01	2.338429e-01	2.322030e-01	2.285503e-01	2.232993e-01	2.168425e-01	2.095247e-01	2.016343e-01	1.934055e-01	1.850223e-01	1.766261e-01	1.683219e-01	1.601854e-01
1.280000e+02	 1.453071e-05	1.158155e-04	3.885730e-04	9.140389e-04	1.769721e-03	3.030765e-03	4.772836e-03	7.075485e-03	1.002360e-02	1.370495e-02	1.820408e-02	2.359535e-02	2.993781e-02	3.727230e-02	4.561986e-02	5.498054e-02	6.533200e-02	7.662794e-02	8.879617e-02	1.017366e-01	1.153189e-01	1.293840e-01	1.437275e-01	1.581202e-01	1.722924e-01	1.859386e-01	1.987202e-01	2.102722e-01	2.202160e-01	2.281804e-01	2.338429e-01	2.369835e-01	2.375781e-01	2.358418e-01	2.321349e-01	2.268557e-01	2.203827e-01	2.130499e-01	2.051384e-01	1.968769e-01	1.884471e-01	1.799889e-01	1.716075e-01
1.320000e+02	 1.444017e-05	1.150431e-04	3.856740e-04	9.059622e-04	1.750142e-03	2.987022e-03	4.681671e-03	6.898466e-03	9.704704e-03	1.317244e-02	1.737654e-02	2.238917e-02	2.827313e-02	3.507686e-02	4.283142e-02	5.154887e-02	6.122114e-02	7.181892e-02	8.329032e-02	9.555920e-02	1.085234e-01	1.220525e-01	1.359902e-01	1.501361e-01	1.642690e-01	1.781294e-01	1.914244e-01	2.038307e-01	2.150009e-01	2.245745e-01	2.322030e-01	2.375781e-01	2.404940e-01	2.409299e-01	2.390925e-01	2.353270e-01	2.300163e-01	2.235256e-01	2.161786e-01	2.082487e-01	1.999601e-01	1.914910e-01	1.829802e-01
1.360000e+02	 1.416250e-05	1.128576e-04	3.784202e-04	8.889667e-04	1.716806e-03	2.927544e-03	4.580435e-03	6.730161e-03	9.430057e-03	1.273581e-02	1.670758e-02	2.140850e-02	2.689956e-02	3.323326e-02	4.044861e-02	4.856816e-02	5.759641e-02	6.751882e-02	7.830084e-02	8.988666e-02	1.021978e-01	1.151384e-01	1.285628e-01	1.423261e-01	1.562391e-01	1.700840e-01	1.836114e-01	1.965406e-01	2.085615e-01	2.193459e-01	2.285503e-01	2.358418e-01	2.409299e-01	2.436209e-01	2.438968e-01	2.419560e-01	2.381298e-01	2.327864e-01	2.262784e-01	2.189194e-01	2.109756e-01	2.026658e-01	1.941656e-01
1.400000e+02	 1.372052e-05	1.093701e-04	3.669407e-04	8.625915e-04	1.667036e-03	2.844163e-03	4.450565e-03	6.535979e-03	9.145181e-03	1.232125e-02	1.610930e-02	2.056120e-02	2.572204e-02	3.165002e-02	3.838589e-02	4.596037e-02	5.438887e-02	6.366983e-02	7.378381e-02	8.469253e-02	9.633776e-02	1.086401e-01	1.215013e-01	1.347859e-01	1.483451e-01	1.619980e-01	1.755343e-01	1.887142e-01	2.012675e-01	2.129017e-01	2.232993e-01	2.321349e-01	2.390925e-01	2.438968e-01	2.463649e-01	2.464815e-01	2.444373e-01	2.405503e-01	2.351749e-01	2.286515e-01	2.212839e-01	2.133311e-01	2.050071e-01
1.440000e+02	 1.314754e-05	1.048500e-04	3.520089e-04	8.282725e-04	1.602461e-03	2.737226e-03	4.288003e-03	6.302621e-03	8.821907e-03	1.188159e-02	1.551548e-02	1.975913e-02	2.465210e-02	3.023717e-02	3.655605e-02	4.364381e-02	5.152425e-02	6.020695e-02	6.968570e-02	7.993750e-02	9.092163e-02	1.025787e-01	1.148332e-01	1.275754e-01	1.406855e-01	1.540145e-01	1.673869e-01	1.806072e-01	1.934220e-01	2.055975e-01	2.168425e-01	2.268557e-01	2.353270e-01	2.419560e-01	2.464815e-01	2.487308e-01	2.486909e-01	2.465451e-01	2.425989e-01	2.371935e-01	2.306576e-01	2.232856e-01	2.153294e-01
1.480000e+02	 1.248201e-05	9.958648e-05	3.345920e-04	7.880583e-04	1.526531e-03	2.611225e-03	4.096859e-03	6.030817e-03	8.452849e-03	1.139568e-02	1.488682e-02	1.895161e-02	2.361690e-02	2.891348e-02	3.487560e-02	4.153714e-02	4.892632e-02	5.706947e-02	6.594680e-02	7.557341e-02	8.591556e-02	9.693104e-02	1.085637e-01	1.207263e-01	1.333236e-01	1.462340e-01	1.593200e-01	1.723883e-01	1.852686e-01	1.977298e-01	2.095247e-01	2.203827e-01	2.300163e-01	2.381298e-01	2.444373e-01	2.486909e-01	2.507271e-01	2.505349e-01	2.482907e-01	2.442881e-01	2.388556e-01	2.323108e-01	2.249391e-01
1.520000e+02	 1.176224e-05	9.387995e-05	3.156156e-04	7.440827e-04	1.443090e-03	2.472009e-03	3.884735e-03	5.728561e-03	8.043449e-03	1.086173e-02	1.420867e-02	1.810428e-02	2.256638e-02	2.761425e-02	3.327119e-02	3.956420e-02	4.652054e-02	5.416274e-02	6.250427e-02	7.154655e-02	8.127720e-02	9.167265e-02	1.026819e-01	1.142488e-01	1.262950e-01	1.387304e-01	1.514118e-01	1.642254e-01	1.769968e-01	1.895376e-01	2.016343e-01	2.130499e-01	2.235256e-01	2.327864e-01	2.405503e-01	2.465451e-01	2.505349e-01	2.523649e-01	2.520258e-01	2.496873e-01	2.456319e-01	2.401760e-01	2.336278e-01
1.560000e+02	 1.101425e-05	8.794812e-05	2.958903e-04	6.981991e-04	1.355620e-03	2.325320e-03	3.659901e-03	5.406332e-03	7.605059e-03	1.028911e-02	1.348397e-02	1.720825e-02	2.147550e-02	2.629719e-02	3.168625e-02	3.765968e-02	4.423844e-02	5.144432e-02	5.929513e-02	6.780051e-02	7.696216e-02	8.675876e-02	9.716495e-02	1.081368e-01	1.196144e-01	1.315183e-01	1.437571e-01	1.562132e-01	1.687495e-01	1.812075e-01	1.934055e-01	2.051384e-01	2.161786e-01	2.262784e-01	2.351749e-01	2.425989e-01	2.482907e-01	2.520258e-01	2.536573e-01	2.531774e-01	2.507496e-01	2.466465e-01	2.411721e-01
1.600000e+02	 1.026815e-05	8.201603e-05	2.760703e-04	6.519303e-04	1.267040e-03	2.176005e-03	3.429678e-03	5.074276e-03	7.150284e-03	9.691657e-03	1.272522e-02	1.627054e-02	2.034063e-02	2.494365e-02	3.008582e-02	3.577487e-02	4.202263e-02	4.884765e-02	5.626184e-02	6.428148e-02	7.291278e-02	8.215155e-02	9.198133e-02	1.023722e-01	1.132780e-01	1.246430e-01	1.363893e-01	1.484226e-01	1.606309e-01	1.728819e-01	1.850223e-01	1.968769e-01	2.082487e-01	2.189194e-01	2.286515e-01	2.371935e-01	2.442881e-01	2.496873e-01	2.531774e-01	2.546187e-01	2.540049e-01	2.514945e-01	2.473475e-01
1.640000e+02	 9.538487e-06	7.620727e-05	2.566294e-04	6.064198e-04	1.179594e-03	2.027886e-03	3.200026e-03	4.740844e-03	6.690468e-03	9.083502e-03	1.194829e-02	1.530636e-02	1.917236e-02	2.355618e-02	2.845869e-02	3.388328e-02	3.983343e-02	4.631663e-02	5.334441e-02	6.092972e-02	6.908262e-02	7.780459e-02	8.709260e-02	9.692680e-02	1.072764e-01	1.180972e-01	1.293294e-01	1.408988e-01	1.527139e-01	1.646657e-01	1.766261e-01	1.884471e-01	1.999601e-01	2.109756e-01	2.212839e-01	2.306576e-01	2.388556e-01	2.456319e-01	2.507496e-01	2.540049e-01	2.552659e-01	2.545258e-01	2.519374e-01
1.680000e+02	 8.837249e-06	7.062532e-05	2.379340e-04	5.625468e-04	1.094960e-03	1.883850e-03	2.975419e-03	4.412767e-03	6.235204e-03	8.477535e-03	1.116931e-02	1.433413e-02	1.798912e-02	2.214489e-02	2.680611e-02	3.197213e-02	3.764333e-02	4.381862e-02	5.050162e-02	5.769997e-02	6.542287e-02	7.367706e-02	8.246299e-02	9.177211e-02	1.015853e-01	1.118705e-01	1.225837e-01	1.336665e-01	1.450459e-01	1.566330e-01	1.683219e-01	1.799889e-01	1.914910e-01	2.026658e-01	2.133311e-01	2.232856e-01	2.323108e-01	2.401760e-01	2.466465e-01	2.514945e-01	2.545258e-01	2.556143e-01	2.547556e-01
1.720000e+02	 8.171660e-06	6.531338e-05	2.201006e-04	5.205536e-04	1.013642e-03	1.744839e-03	2.757683e-03	4.093282e-03	5.789782e-03	7.881734e-03	1.039941e-02	1.336811e-02	1.680752e-02	2.073121e-02	2.514653e-02	3.005506e-02	3.545408e-02	4.133903e-02	4.770651e-02	5.455674e-02	6.190204e-02	6.972391e-02	7.805021e-02	8.687108e-02	9.617620e-02	1.059451e-01	1.161461e-01	1.267349e-01	1.376545e-01	1.488335e-01	1.601854e-01	1.716075e-01	1.829802e-01	1.941656e-01	2.050071e-01	2.153294e-01	2.249391e-01	2.336278e-01	2.411721e-01	2.473475e-01	2.519374e-01	2.547556e-01	2.556818e-01
