Omm=0.3111	 Omb=0.0490	 h=0.677	 ns=0.9665	 Acamb=2.105e-09
z=0.0000	 D1=0.786	 D10=0.786	 f=0.5234	 r=0.00 Mpc/h
Cosmic variance for the hexadecapole, with coefficient set to 1
0.000000e+00	 4.000000e+00	8.000000e+00	1.200000e+01	1.600000e+01	2.000000e+01	2.400000e+01	2.800000e+01	3.200000e+01	3.600000e+01	4.000000e+01	4.400000e+01	4.800000e+01	5.200000e+01	5.600000e+01	6.000000e+01	6.400000e+01	6.800000e+01	7.200000e+01	7.600000e+01	8.000000e+01	8.400000e+01	8.800000e+01	9.200000e+01	9.600000e+01	1.000000e+02	1.040000e+02	1.080000e+02	1.120000e+02	1.160000e+02	1.200000e+02	1.240000e+02	1.280000e+02	1.320000e+02	1.360000e+02	1.400000e+02	1.440000e+02	1.480000e+02	1.520000e+02	1.560000e+02	1.600000e+02	1.640000e+02	1.680000e+02	1.720000e+02
4.000000e+00	 6.242497e+02	2.735235e+02	9.921147e+01	4.215156e+01	2.089000e+01	1.193815e+01	6.225457e+00	3.793910e+00	2.518782e+00	1.550117e+00	1.104773e+00	7.402573e-01	4.661548e-01	3.816618e-01	2.573802e-01	1.939811e-01	1.532605e-01	9.590844e-02	8.110211e-02	3.470714e-02	-1.431889e-02	-5.868095e-02	2.521477e-02	1.765080e-01	2.015533e-01	8.331156e-02	-3.569898e-02	-7.396016e-02	-6.082439e-02	-4.097276e-02	-1.434474e-02	-5.163319e-03	3.731960e-03	7.561073e-03	6.122054e-03	7.950538e-03	5.945156e-03	5.043879e-03	4.991942e-03	2.353760e-03	3.357998e-03	2.077981e-03	1.076963e-03
8.000000e+00	 2.735235e+02	1.777055e+03	1.192838e+03	5.946725e+02	3.089356e+02	1.701013e+02	9.940360e+01	6.070144e+01	3.832968e+01	2.506996e+01	1.672831e+01	1.159273e+01	7.979156e+00	5.808698e+00	4.098550e+00	3.085454e+00	2.297867e+00	1.684047e+00	1.214157e+00	5.013649e-01	-2.597845e-01	-6.341497e-01	5.812671e-01	2.559151e+00	2.862690e+00	1.297459e+00	-3.937069e-01	-1.066633e+00	-9.555338e-01	-6.269620e-01	-2.813307e-01	-7.768992e-02	5.223270e-02	1.082078e-01	1.084442e-01	1.144662e-01	9.457756e-02	8.628925e-02	7.360830e-02	4.661587e-02	4.733858e-02	3.252144e-02	1.745411e-02
1.200000e+01	 9.921147e+01	1.192838e+03	2.936223e+03	2.272101e+03	1.347338e+03	7.891102e+02	4.744577e+02	2.946828e+02	1.889360e+02	1.242617e+02	8.375016e+01	5.769602e+01	4.044010e+01	2.888233e+01	2.095675e+01	1.546050e+01	1.154913e+01	8.513437e+00	5.696180e+00	2.380759e+00	-9.529254e-01	-1.273586e+00	3.993186e+00	1.099772e+01	1.214706e+01	6.249091e+00	-8.878660e-01	-4.486819e+00	-4.554903e+00	-3.109041e+00	-1.566595e+00	-4.602938e-01	1.829272e-01	4.818488e-01	5.572323e-01	5.448607e-01	4.916900e-01	4.295273e-01	3.516143e-01	2.695073e-01	2.186242e-01	1.641316e-01	8.967493e-02
1.600000e+01	 4.215156e+01	5.946725e+02	2.272101e+03	3.944870e+03	3.263114e+03	2.149509e+03	1.366902e+03	8.758717e+02	5.716535e+02	3.810805e+02	2.590611e+02	1.793580e+02	1.264704e+02	9.049797e+01	6.589244e+01	4.863645e+01	3.615941e+01	2.628128e+01	1.684675e+01	7.019117e+00	-1.584114e-01	1.938733e+00	1.483045e+01	2.876232e+01	3.064625e+01	1.783381e+01	4.304245e-01	-1.063583e+01	-1.273244e+01	-9.565968e+00	-5.278250e+00	-1.854271e+00	2.582832e-01	1.299327e+00	1.668506e+00	1.669033e+00	1.536190e+00	1.331864e+00	1.096739e+00	8.790189e-01	6.818746e-01	4.935212e-01	2.987802e-01
2.000000e+01	 2.089000e+01	3.089356e+02	1.347338e+03	3.263114e+03	4.767829e+03	4.094289e+03	2.889382e+03	1.950252e+03	1.311678e+03	8.905769e+02	6.132689e+02	4.284326e+02	3.036260e+02	2.186309e+02	1.595172e+02	1.178491e+02	8.706178e+01	6.192925e+01	3.871079e+01	1.837913e+01	8.593217e+00	1.650042e+01	3.815634e+01	5.752541e+01	5.829274e+01	3.729161e+01	6.585192e+00	-1.708086e+01	-2.552364e+01	-2.183012e+01	-1.342232e+01	-5.636283e+00	-3.483021e-01	2.519980e+00	3.694502e+00	3.913484e+00	3.650120e+00	3.189622e+00	2.667428e+00	2.148667e+00	1.654315e+00	1.177015e+00	7.777746e-01
2.400000e+01	 1.193815e+01	1.701013e+02	7.891102e+02	2.149509e+03	4.094289e+03	5.413230e+03	4.756659e+03	3.523415e+03	2.487057e+03	1.737508e+03	1.218121e+03	8.617230e+02	6.163539e+02	4.463413e+02	3.270819e+02	2.414118e+02	1.767682e+02	1.235490e+02	7.816080e+01	4.591719e+01	3.607770e+01	5.062365e+01	7.783817e+01	9.767819e+01	9.391739e+01	6.382784e+01	1.957921e+01	-1.964382e+01	-3.980666e+01	-3.968375e+01	-2.781186e+01	-1.381367e+01	-2.986025e+00	3.554007e+00	6.657545e+00	7.568011e+00	7.292400e+00	6.476002e+00	5.474143e+00	4.430013e+00	3.403331e+00	2.474142e+00	1.767936e+00
2.800000e+01	 6.225457e+00	9.940360e+01	4.744577e+02	1.366902e+03	2.889382e+03	4.756659e+03	5.899831e+03	5.265853e+03	4.041956e+03	2.953811e+03	2.127742e+03	1.531953e+03	1.109091e+03	8.098899e+02	5.959647e+02	4.394067e+02	3.189662e+02	2.223115e+02	1.483826e+02	1.042346e+02	9.410857e+01	1.107820e+02	1.361450e+02	1.494359e+02	1.366305e+02	9.624935e+01	3.952323e+01	-1.500020e+01	-5.035670e+01	-5.960250e+01	-4.824552e+01	-2.826933e+01	-9.718803e+00	3.051862e+00	9.975288e+00	1.264901e+01	1.279145e+01	1.165259e+01	9.967881e+00	8.115298e+00	6.304686e+00	4.739416e+00	3.582762e+00
3.200000e+01	 3.793910e+00	6.070144e+01	2.946828e+02	8.758717e+02	1.950252e+03	3.523415e+03	5.265853e+03	6.252483e+03	5.643402e+03	4.451122e+03	3.344156e+03	2.470619e+03	1.819016e+03	1.342710e+03	9.934228e+02	7.318248e+02	5.303280e+02	3.760398e+02	2.685928e+02	2.094385e+02	1.924221e+02	2.012898e+02	2.147054e+02	2.135237e+02	1.867452e+02	1.342481e+02	6.591813e+01	-1.995806e+00	-5.277288e+01	-7.578803e+01	-7.115522e+01	-4.898425e+01	-2.255163e+01	-1.123661e+00	1.224839e+01	1.858163e+01	2.014939e+01	1.901771e+01	1.657431e+01	1.366783e+01	1.083714e+01	8.416068e+00	6.580248e+00
3.600000e+01	 2.518782e+00	3.832968e+01	1.889360e+02	5.716535e+02	1.311678e+03	2.487057e+03	4.041956e+03	5.643402e+03	6.494436e+03	5.911490e+03	4.763725e+03	3.660848e+03	2.761181e+03	2.068203e+03	1.541684e+03	1.139601e+03	9.264203e+02	6.090185e+02	4.597898e+02	3.753704e+02	3.380302e+02	3.253891e+02	3.154667e+02	2.917193e+02	2.459550e+02	1.788748e+02	9.890775e+01	1.940779e+01	-4.507259e+01	-8.309639e+01	-9.050093e+01	-7.254493e+01	-4.172514e+01	-1.116035e+01	1.127482e+01	2.392913e+01	2.875742e+01	2.852661e+01	2.559592e+01	2.159094e+01	1.753776e+01	1.399083e+01	1.116364e+01
4.000000e+01	 1.550117e+00	2.506996e+01	1.242617e+02	3.810805e+02	8.905769e+02	1.737508e+03	2.953811e+03	4.451122e+03	5.911490e+03	6.646892e+03	6.090521e+03	4.992788e+03	3.905064e+03	2.987491e+03	2.254810e+03	1.684988e+03	1.255070e+03	9.465471e+02	7.402213e+02	6.123299e+02	5.363645e+02	4.864533e+02	4.414326e+02	3.871387e+02	3.172203e+02	2.325233e+02	1.398280e+02	4.947013e+01	-2.685946e+01	-7.889354e+01	-1.006335e+02	-9.291708e+01	-6.415583e+01	-2.758243e+01	4.707439e+00	2.639955e+01	3.710014e+01	3.955620e+01	3.705960e+01	3.227466e+01	2.692399e+01	2.195704e+01	1.778448e+01
4.400000e+01	 1.104773e+00	1.672831e+01	8.375016e+01	2.590611e+02	6.132689e+02	1.218121e+03	2.127742e+03	3.344156e+03	4.763725e+03	6.090521e+03	6.726653e+03	6.192552e+03	5.137823e+03	4.062708e+03	3.133081e+03	2.387509e+03	1.820389e+03	1.409097e+03	1.122853e+03	9.280750e+02	7.924662e+02	6.888835e+02	5.970210e+02	5.041792e+02	4.046455e+02	2.987957e+02	1.911529e+02	8.936374e+01	2.109940e+00	-6.242337e+01	-9.839935e+01	-1.042032e+02	-8.397021e+01	-4.768354e+01	-8.294190e+00	2.346764e+01	4.284909e+01	5.067822e+01	5.044775e+01	4.577130e+01	3.934675e+01	3.279010e+01	2.693631e+01
4.800000e+01	 7.402573e-01	1.159273e+01	5.769602e+01	1.793580e+02	4.284326e+02	8.617230e+02	1.531953e+03	2.470619e+03	3.660848e+03	4.992788e+03	6.192552e+03	6.734431e+03	6.208872e+03	5.191014e+03	4.147562e+03	3.250562e+03	2.541396e+03	2.007406e+03	1.615596e+03	1.328479e+03	1.111935e+03	9.383624e+02	7.880251e+02	6.483926e+02	5.134686e+02	3.818870e+02	2.562924e+02	1.412750e+02	4.276038e+01	-3.344765e+01	-8.272016e+01	-1.028185e+02	-9.517318e+01	-6.589117e+01	-2.546154e+01	1.402238e+01	4.345895e+01	5.964606e+01	6.437740e+01	6.154843e+01	5.482464e+01	4.683680e+01	3.909536e+01
5.200000e+01	 4.661548e-01	7.979156e+00	4.044010e+01	1.264704e+02	3.036260e+02	6.163539e+02	1.109091e+03	1.819016e+03	2.761181e+03	3.905064e+03	5.137823e+03	6.208872e+03	6.662336e+03	6.156541e+03	5.208953e+03	4.241434e+03	3.407876e+03	2.739736e+03	2.220392e+03	1.818008e+03	1.500639e+03	1.241695e+03	1.021279e+03	8.264380e+02	6.493684e+02	4.870816e+02	3.393206e+02	2.082434e+02	9.688038e+01	8.703027e+00	-5.329776e+01	-8.737741e+01	-9.390415e+01	-7.628800e+01	-4.157837e+01	2.843154e-02	3.770284e+01	6.389889e+01	7.659549e+01	7.821129e+01	7.283478e+01	6.412587e+01	5.458129e+01
5.600000e+01	 3.816618e-01	5.808698e+00	2.888233e+01	9.049797e+01	2.186309e+02	4.463413e+02	8.098899e+02	1.342710e+03	2.068203e+03	2.987491e+03	4.062708e+03	5.191014e+03	6.156541e+03	6.565870e+03	6.119446e+03	5.265714e+03	4.375518e+03	3.587149e+03	2.931432e+03	2.398056e+03	1.964008e+03	1.605850e+03	1.304437e+03	1.045247e+03	8.189985e+02	6.198011e+02	4.450643e+02	2.939700e+02	1.670263e+02	6.543476e+01	-9.636532e+00	-5.748950e+01	-7.852379e+01	-7.481142e+01	-5.075352e+01	-1.355223e+01	2.724688e+01	6.201511e+01	8.446803e+01	9.351637e+01	9.201584e+01	8.412700e+01	7.337536e+01
6.000000e+01	 2.573802e-01	4.098550e+00	2.095675e+01	6.589244e+01	1.595172e+02	3.270819e+02	5.959647e+02	9.934228e+02	1.541684e+03	2.254810e+03	3.133081e+03	4.147562e+03	5.208953e+03	6.119446e+03	6.518734e+03	6.131662e+03	5.348415e+03	4.503708e+03	3.729887e+03	3.064075e+03	2.504681e+03	2.037163e+03	1.644540e+03	1.312336e+03	1.028881e+03	7.861535e+02	5.785402e+02	4.025872e+02	2.564079e+02	1.388597e+02	4.933520e+01	-1.280037e+01	-4.850572e+01	-5.948038e+01	-4.868334e+01	-2.093547e+01	1.667840e+01	5.530425e+01	8.640976e+01	1.048187e+02	1.101343e+02	1.054633e+02	9.490985e+01
6.400000e+01	 1.939811e-01	3.085454e+00	1.546050e+01	4.863645e+01	1.178491e+02	2.414118e+02	4.394067e+02	7.318248e+02	1.139601e+03	1.684988e+03	2.387509e+03	3.250562e+03	4.241434e+03	5.265714e+03	6.131662e+03	6.508694e+03	6.148003e+03	5.400294e+03	4.574309e+03	3.799876e+03	3.119652e+03	2.538574e+03	2.047709e+03	1.634214e+03	1.285809e+03	9.921000e+02	7.450597e+02	5.387366e+02	3.686958e+02	2.316768e+02	1.252839e+02	4.752860e+01	-3.424560e+00	-2.947462e+01	-3.309071e+01	-1.775254e+01	1.153686e+01	4.797227e+01	8.344006e+01	1.103830e+02	1.244977e+02	1.258973e+02	1.178436e+02
6.800000e+01	 1.532605e-01	2.297867e+00	1.154913e+01	3.615941e+01	8.706178e+01	1.767682e+02	3.189662e+02	5.303280e+02	9.264203e+02	1.255070e+03	1.820389e+03	2.541396e+03	3.407876e+03	4.375518e+03	5.348415e+03	6.148003e+03	6.477350e+03	6.116456e+03	5.384624e+03	4.568621e+03	3.794431e+03	3.107394e+03	2.516638e+03	2.016229e+03	1.595547e+03	1.243464e+03	9.500684e+02	7.070862e+02	5.078040e+02	3.470130e+02	2.205264e+02	1.249395e+02	5.751125e+01	1.574318e+01	-2.960384e+00	-1.560940e+00	1.618820e+01	4.531279e+01	7.937610e+01	1.109179e+02	1.332233e+02	1.427118e+02	1.399960e+02
7.200000e+01	 9.590844e-02	1.684047e+00	8.513437e+00	2.628128e+01	6.192925e+01	1.235490e+02	2.223115e+02	3.760398e+02	6.090185e+02	9.465471e+02	1.409097e+03	2.007406e+03	2.739736e+03	3.587149e+03	4.503708e+03	5.400294e+03	6.116456e+03	6.386856e+03	6.016799e+03	5.297716e+03	4.495198e+03	3.730207e+03	3.048197e+03	2.460241e+03	1.962380e+03	1.545340e+03	1.198613e+03	9.122841e+02	6.779091e+02	4.883441e+02	3.377612e+02	2.214672e+02	1.356147e+02	7.692950e+01	4.230752e+01	2.881257e+01	3.320234e+01	5.162314e+01	7.919592e+01	1.098414e+02	1.367403e+02	1.539978e+02	1.587610e+02
7.600000e+01	 8.110211e-02	1.214157e+00	5.696180e+00	1.684675e+01	3.871079e+01	7.816080e+01	1.483826e+02	2.685928e+02	4.597898e+02	7.402213e+02	1.122853e+03	1.615596e+03	2.220392e+03	2.931432e+03	3.729887e+03	4.574309e+03	5.384624e+03	6.016799e+03	6.232178e+03	5.856448e+03	5.155565e+03	4.375040e+03	3.629084e+03	2.962574e+03	2.387537e+03	1.901156e+03	1.494886e+03	1.158775e+03	8.831000e+02	6.593017e+02	4.801299e+02	3.396108e+02	2.327125e+02	1.552210e+02	1.034289e+02	7.404919e+01	6.387473e+01	6.950560e+01	8.705726e+01	1.118232e+02	1.381997e+02	1.600391e+02	1.721787e+02
8.000000e+01	 3.470714e-02	5.013649e-01	2.380759e+00	7.019117e+00	1.837913e+01	4.591719e+01	1.042346e+02	2.094385e+02	3.753704e+02	6.123299e+02	9.280750e+02	1.328479e+03	1.818008e+03	2.398056e+03	3.064075e+03	3.799876e+03	4.568621e+03	5.297716e+03	5.856448e+03	6.028246e+03	5.655107e+03	4.979833e+03	4.228945e+03	3.510135e+03	2.866827e+03	2.311313e+03	1.841672e+03	1.450131e+03	1.127209e+03	8.635921e+02	6.509949e+02	4.821707e+02	3.509378e+02	2.521743e+02	1.814209e+02	1.348467e+02	1.089298e+02	1.003208e+02	1.055722e+02	1.209374e+02	1.420325e+02	1.636836e+02	1.803530e+02
8.400000e+01	 -1.431889e-02	-2.597845e-01	-9.529254e-01	-1.584114e-01	8.593217e+00	3.607770e+01	9.410857e+01	1.924221e+02	3.380302e+02	5.363645e+02	7.924662e+02	1.111935e+03	1.500639e+03	1.964008e+03	2.504681e+03	3.119652e+03	3.794431e+03	4.495198e+03	5.155565e+03	5.655107e+03	5.795947e+03	5.433442e+03	4.789653e+03	4.073866e+03	3.387139e+03	2.771303e+03	2.238844e+03	1.788516e+03	1.413389e+03	1.104735e+03	8.536663e+02	6.520657e+02	4.927590e+02	3.697360e+02	2.776992e+02	2.121248e+02	1.690256e+02	1.448322e+02	1.362295e+02	1.398794e+02	1.522100e+02	1.691288e+02	1.858978e+02
8.800000e+01	 -5.868095e-02	-6.341497e-01	-1.273586e+00	1.938733e+00	1.650042e+01	5.062365e+01	1.107820e+02	2.012898e+02	3.253891e+02	4.864533e+02	6.888835e+02	9.383624e+02	1.241695e+03	1.605850e+03	2.037163e+03	2.538574e+03	3.107394e+03	3.730207e+03	4.375040e+03	4.979833e+03	5.433442e+03	5.553846e+03	5.207917e+03	4.598954e+03	3.920739e+03	3.268253e+03	2.681614e+03	2.173507e+03	1.743514e+03	1.385464e+03	1.091179e+03	8.522293e+02	6.608246e+02	5.101006e+02	3.939261e+02	3.070545e+02	2.449700e+02	2.037525e+02	1.799060e+02	1.701910e+02	1.714126e+02	1.802099e+02	1.928016e+02
9.200000e+01	 2.521477e-02	5.812671e-01	3.993186e+00	1.483045e+01	3.815634e+01	7.783817e+01	1.361450e+02	2.147054e+02	3.154667e+02	4.414326e+02	5.970210e+02	7.880251e+02	1.021279e+03	1.304437e+03	1.644540e+03	2.047709e+03	2.516638e+03	3.048197e+03	3.629084e+03	4.228945e+03	4.789653e+03	5.207917e+03	5.315434e+03	4.989201e+03	4.416023e+03	3.775644e+03	3.157532e+03	2.600360e+03	2.116879e+03	1.707212e+03	1.365884e+03	1.085383e+03	8.577384e+02	6.755550e+02	5.319754e+02	4.211185e+02	3.378958e+02	2.779228e+02	2.373767e+02	2.128629e+02	2.012871e+02	1.996411e+02	2.047780e+02
9.600000e+01	 1.765080e-01	2.559151e+00	1.099772e+01	2.876232e+01	5.752541e+01	9.767819e+01	1.494359e+02	2.135237e+02	2.917193e+02	3.871387e+02	5.041792e+02	6.483926e+02	8.264380e+02	1.045247e+03	1.312336e+03	1.634214e+03	2.016229e+03	2.460241e+03	2.962574e+03	3.510135e+03	4.073866e+03	4.598954e+03	4.989201e+03	5.088630e+03	4.783127e+03	4.244967e+03	3.641490e+03	3.057024e+03	2.528629e+03	2.069033e+03	1.678945e+03	1.353548e+03	1.085828e+03	8.683316e+02	6.938831e+02	5.560451e+02	4.491876e+02	3.684055e+02	3.094670e+02	2.687084e+02	2.429105e+02	2.291268e+02	2.245063e+02
1.000000e+02	 2.015533e-01	2.862690e+00	1.214706e+01	3.064625e+01	5.829274e+01	9.391739e+01	1.366305e+02	1.867452e+02	2.459550e+02	3.172203e+02	4.046455e+02	5.134686e+02	6.493684e+02	8.189985e+02	1.028881e+03	1.285809e+03	1.595547e+03	1.962380e+03	2.387537e+03	2.866827e+03	3.387139e+03	3.920739e+03	4.416023e+03	4.783127e+03	4.877220e+03	4.592349e+03	4.087809e+03	3.519546e+03	2.967111e+03	2.466118e+03	2.029227e+03	1.657542e+03	1.346743e+03	1.090471e+03	8.816790e+02	7.137021e+02	5.804312e+02	4.764936e+02	3.972248e+02	3.386111e+02	2.971641e+02	2.698018e+02	2.537149e+02
1.040000e+02	 8.331156e-02	1.297459e+00	6.249091e+00	1.783381e+01	3.729161e+01	6.382784e+01	9.624935e+01	1.342481e+02	1.788748e+02	2.325233e+02	2.987957e+02	3.818870e+02	4.870816e+02	6.198011e+02	7.861535e+02	9.921000e+02	1.243464e+03	1.545340e+03	1.901156e+03	2.311313e+03	2.771303e+03	3.268253e+03	3.775644e+03	4.244967e+03	4.592349e+03	4.682923e+03	4.417863e+03	3.944835e+03	3.409575e+03	2.887222e+03	2.411876e+03	1.995993e+03	1.641058e+03	1.343417e+03	1.097203e+03	8.959263e+02	7.333344e+02	6.036814e+02	5.019123e+02	4.236070e+02	3.649399e+02	3.225781e+02	2.935614e+02
1.080000e+02	 -3.569898e-02	-3.937069e-01	-8.878660e-01	4.304245e-01	6.585192e+00	1.957921e+01	3.952323e+01	6.591813e+01	9.890775e+01	1.398280e+02	1.911529e+02	2.562924e+02	3.393206e+02	4.450643e+02	5.785402e+02	7.450597e+02	9.500684e+02	1.198613e+03	1.494886e+03	1.841672e+03	2.238844e+03	2.681614e+03	3.157532e+03	3.641490e+03	4.087809e+03	4.417863e+03	4.505751e+03	4.259162e+03	3.815332e+03	3.310611e+03	2.815962e+03	2.364089e+03	1.967327e+03	1.627593e+03	1.341710e+03	1.104370e+03	9.095995e+02	7.515880e+02	6.249492e+02	5.249058e+02	4.472586e+02	3.883478e+02	3.449716e+02
1.120000e+02	 -7.396016e-02	-1.066633e+00	-4.486819e+00	-1.063583e+01	-1.708086e+01	-1.964382e+01	-1.500020e+01	-1.995806e+00	1.940779e+01	4.947013e+01	8.936374e+01	1.412750e+02	2.082434e+02	2.939700e+02	4.025872e+02	5.387366e+02	7.070862e+02	9.122841e+02	1.158775e+03	1.450131e+03	1.788516e+03	2.173507e+03	2.600360e+03	3.057024e+03	3.519546e+03	3.944835e+03	4.259162e+03	4.344732e+03	4.115003e+03	3.697731e+03	3.220770e+03	2.751338e+03	2.320847e+03	1.941487e+03	1.615478e+03	1.340155e+03	1.110765e+03	9.218019e+02	7.678532e+02	6.438485e+02	5.452816e+02	4.680947e+02	4.088281e+02
1.160000e+02	 -6.082439e-02	-9.555338e-01	-4.554903e+00	-1.273244e+01	-2.552364e+01	-3.980666e+01	-5.035670e+01	-5.277288e+01	-4.507259e+01	-2.685946e+01	2.109940e+00	4.276038e+01	9.688038e+01	1.670263e+02	2.564079e+02	3.686958e+02	5.078040e+02	6.779091e+02	8.831000e+02	1.127209e+03	1.413389e+03	1.743514e+03	2.116879e+03	2.528629e+03	2.967111e+03	3.409575e+03	3.815332e+03	4.115003e+03	4.198058e+03	3.983235e+03	3.589842e+03	3.138006e+03	2.691535e+03	2.280500e+03	1.916981e+03	1.603491e+03	1.337841e+03	1.115732e+03	9.320977e+02	7.818684e+02	6.602266e+02	5.629104e+02	4.860826e+02
1.200000e+02	 -4.097276e-02	-6.269620e-01	-3.109041e+00	-9.565968e+00	-2.183012e+01	-3.968375e+01	-5.960250e+01	-7.578803e+01	-8.309639e+01	-7.889354e+01	-6.242337e+01	-3.344765e+01	8.703027e+00	6.543476e+01	1.388597e+02	2.316768e+02	3.470130e+02	4.883441e+02	6.593017e+02	8.635921e+02	1.104735e+03	1.385464e+03	1.707212e+03	2.069033e+03	2.466118e+03	2.887222e+03	3.310611e+03	3.697731e+03	3.983235e+03	4.063320e+03	3.861565e+03	3.489626e+03	3.060618e+03	2.635012e+03	2.241782e+03	1.892849e+03	1.590950e+03	1.334289e+03	1.118982e+03	9.402966e+02	7.934318e+02	6.739084e+02	5.778072e+02
1.240000e+02	 -1.434474e-02	-2.813307e-01	-1.566595e+00	-5.278250e+00	-1.342232e+01	-2.781186e+01	-4.824552e+01	-7.115522e+01	-9.050093e+01	-1.006335e+02	-9.839935e+01	-8.272016e+01	-5.329776e+01	-9.636532e+00	4.933520e+01	1.252839e+02	2.205264e+02	3.377612e+02	4.801299e+02	6.509949e+02	8.536663e+02	1.091179e+03	1.365884e+03	1.678945e+03	2.029227e+03	2.411876e+03	2.815962e+03	3.220770e+03	3.589842e+03	3.861565e+03	3.938271e+03	3.747987e+03	3.395375e+03	2.987102e+03	2.580631e+03	2.203925e+03	1.868570e+03	1.577524e+03	1.329282e+03	1.120258e+03	9.461160e+02	8.025607e+02	6.852112e+02
1.280000e+02	 -5.163319e-03	-7.768992e-02	-4.602938e-01	-1.854271e+00	-5.636283e+00	-1.381367e+01	-2.826933e+01	-4.898425e+01	-7.254493e+01	-9.291708e+01	-1.042032e+02	-1.028185e+02	-8.737741e+01	-5.748950e+01	-1.280037e+01	4.752860e+01	1.249395e+02	2.214672e+02	3.396108e+02	4.821707e+02	6.520657e+02	8.522293e+02	1.085383e+03	1.353548e+03	1.657542e+03	1.995993e+03	2.364089e+03	2.751338e+03	3.138006e+03	3.489626e+03	3.747987e+03	3.821031e+03	3.640839e+03	3.305772e+03	2.916556e+03	2.527857e+03	2.166523e+03	1.843867e+03	1.562909e+03	1.322486e+03	1.119527e+03	9.499040e+02	8.092596e+02
1.320000e+02	 3.731960e-03	5.223270e-02	1.829272e-01	2.582832e-01	-3.483021e-01	-2.986025e+00	-9.718803e+00	-2.255163e+01	-4.172514e+01	-6.415583e+01	-8.397021e+01	-9.517318e+01	-9.390415e+01	-7.852379e+01	-4.850572e+01	-3.424560e+00	5.751125e+01	1.356147e+02	2.327125e+02	3.509378e+02	4.927590e+02	6.608246e+02	8.577384e+02	1.085828e+03	1.346743e+03	1.641058e+03	1.967327e+03	2.320847e+03	2.691535e+03	3.060618e+03	3.395375e+03	3.640839e+03	3.710109e+03	3.538973e+03	3.219998e+03	2.848428e+03	2.476258e+03	2.129199e+03	1.818352e+03	1.547028e+03	1.314213e+03	1.116808e+03	9.510513e+02
1.360000e+02	 7.561073e-03	1.082078e-01	4.818488e-01	1.299327e+00	2.519980e+00	3.554007e+00	3.051862e+00	-1.123661e+00	-1.116035e+01	-2.758243e+01	-4.768354e+01	-6.589117e+01	-7.628800e+01	-7.481142e+01	-5.948038e+01	-2.947462e+01	1.574318e+01	7.692950e+01	1.552210e+02	2.521743e+02	3.697360e+02	5.101006e+02	6.755550e+02	8.683316e+02	1.090471e+03	1.343417e+03	1.627593e+03	1.941487e+03	2.280500e+03	2.635012e+03	2.987102e+03	3.305772e+03	3.538973e+03	3.604535e+03	3.441644e+03	3.137497e+03	2.782203e+03	2.425357e+03	2.091795e+03	1.792276e+03	1.529856e+03	1.303831e+03	1.111853e+03
1.400000e+02	 6.122054e-03	1.084442e-01	5.572323e-01	1.668506e+00	3.694502e+00	6.657545e+00	9.975288e+00	1.224839e+01	1.127482e+01	4.707439e+00	-8.294190e+00	-2.546154e+01	-4.157837e+01	-5.075352e+01	-4.868334e+01	-3.309071e+01	-2.960384e+00	4.230752e+01	1.034289e+02	1.814209e+02	2.776992e+02	3.939261e+02	5.319754e+02	6.938831e+02	8.816790e+02	1.097203e+03	1.341710e+03	1.615478e+03	1.916981e+03	2.241782e+03	2.580631e+03	2.916556e+03	3.219998e+03	3.441644e+03	3.503616e+03	3.348157e+03	3.057616e+03	2.717595e+03	2.375271e+03	2.054203e+03	1.764934e+03	1.511096e+03	1.292030e+03
1.440000e+02	 7.950538e-03	1.144662e-01	5.448607e-01	1.669033e+00	3.913484e+00	7.568011e+00	1.264901e+01	1.858163e+01	2.392913e+01	2.639955e+01	2.346764e+01	1.402238e+01	2.843154e-02	-1.355223e+01	-2.093547e+01	-1.775254e+01	-1.560940e+00	2.881257e+01	7.404919e+01	1.348467e+02	2.121248e+02	3.070545e+02	4.211185e+02	5.560451e+02	7.137021e+02	8.959263e+02	1.104370e+03	1.340155e+03	1.603491e+03	1.892849e+03	2.203925e+03	2.527857e+03	2.848428e+03	3.137497e+03	3.348157e+03	3.406577e+03	3.258065e+03	2.980354e+03	2.654381e+03	2.325249e+03	2.016074e+03	1.737012e+03	1.491194e+03
1.480000e+02	 5.945156e-03	9.457756e-02	4.916900e-01	1.536190e+00	3.650120e+00	7.292400e+00	1.279145e+01	2.014939e+01	2.875742e+01	3.710014e+01	4.284909e+01	4.345895e+01	3.770284e+01	2.724688e+01	1.667840e+01	1.153686e+01	1.618820e+01	3.320234e+01	6.387473e+01	1.089298e+02	1.690256e+02	2.449700e+02	3.378958e+02	4.491876e+02	5.804312e+02	7.333344e+02	9.095995e+02	1.110765e+03	1.337841e+03	1.590950e+03	1.868570e+03	2.166523e+03	2.476258e+03	2.782203e+03	3.057616e+03	3.258065e+03	3.313308e+03	3.171000e+03	2.904817e+03	2.592118e+03	2.275863e+03	1.977795e+03	1.708125e+03
1.520000e+02	 5.043879e-03	8.628925e-02	4.295273e-01	1.331864e+00	3.189622e+00	6.476002e+00	1.165259e+01	1.901771e+01	2.852661e+01	3.955620e+01	5.067822e+01	5.964606e+01	6.389889e+01	6.201511e+01	5.530425e+01	4.797227e+01	4.531279e+01	5.162314e+01	6.950560e+01	1.003208e+02	1.448322e+02	2.037525e+02	2.779228e+02	3.684055e+02	4.764936e+02	6.036814e+02	7.515880e+02	9.218019e+02	1.115732e+03	1.334289e+03	1.577524e+03	1.843867e+03	2.129199e+03	2.425357e+03	2.717595e+03	2.980354e+03	3.171000e+03	3.222819e+03	3.086391e+03	2.831422e+03	2.531048e+03	2.226648e+03	1.939418e+03
1.560000e+02	 4.991942e-03	7.360830e-02	3.516143e-01	1.096739e+00	2.667428e+00	5.474143e+00	9.967881e+00	1.657431e+01	2.559592e+01	3.705960e+01	5.044775e+01	6.437740e+01	7.659549e+01	8.446803e+01	8.640976e+01	8.344006e+01	7.937610e+01	7.919592e+01	8.705726e+01	1.055722e+02	1.362295e+02	1.799060e+02	2.373767e+02	3.094670e+02	3.972248e+02	5.019123e+02	6.249492e+02	7.678532e+02	9.320977e+02	1.118982e+03	1.329282e+03	1.562909e+03	1.818352e+03	2.091795e+03	2.375271e+03	2.654381e+03	2.904817e+03	3.086391e+03	3.135433e+03	3.004346e+03	2.759607e+03	2.471143e+03	2.178021e+03
1.600000e+02	 2.353760e-03	4.661587e-02	2.695073e-01	8.790189e-01	2.148667e+00	4.430013e+00	8.115298e+00	1.366783e+01	2.159094e+01	3.227466e+01	4.577130e+01	6.154843e+01	7.821129e+01	9.351637e+01	1.048187e+02	1.103830e+02	1.109179e+02	1.098414e+02	1.118232e+02	1.209374e+02	1.398794e+02	1.701910e+02	2.128629e+02	2.687084e+02	3.386111e+02	4.236070e+02	5.249058e+02	6.438485e+02	7.818684e+02	9.402966e+02	1.120258e+03	1.322486e+03	1.547028e+03	1.792276e+03	2.054203e+03	2.325249e+03	2.592118e+03	2.831422e+03	3.004346e+03	3.050509e+03	2.924737e+03	2.689680e+03	2.412050e+03
1.640000e+02	 3.357998e-03	4.733858e-02	2.186242e-01	6.818746e-01	1.654315e+00	3.403331e+00	6.304686e+00	1.083714e+01	1.753776e+01	2.692399e+01	3.934675e+01	5.482464e+01	7.283478e+01	9.201584e+01	1.101343e+02	1.244977e+02	1.332233e+02	1.367403e+02	1.381997e+02	1.420325e+02	1.522100e+02	1.714126e+02	2.012871e+02	2.429105e+02	2.971641e+02	3.649399e+02	4.472586e+02	5.452816e+02	6.602266e+02	7.934318e+02	9.461160e+02	1.119527e+03	1.314213e+03	1.529856e+03	1.764934e+03	2.016074e+03	2.275863e+03	2.531048e+03	2.759607e+03	2.924737e+03	2.968285e+03	2.847111e+03	2.621305e+03
1.680000e+02	 2.077981e-03	3.252144e-02	1.641316e-01	4.935212e-01	1.177015e+00	2.474142e+00	4.739416e+00	8.416068e+00	1.399083e+01	2.195704e+01	3.279010e+01	4.683680e+01	6.412587e+01	8.412700e+01	1.054633e+02	1.258973e+02	1.427118e+02	1.539978e+02	1.600391e+02	1.636836e+02	1.691288e+02	1.802099e+02	1.996411e+02	2.291268e+02	2.698018e+02	3.225781e+02	3.883478e+02	4.680947e+02	5.629104e+02	6.739084e+02	8.025607e+02	9.499040e+02	1.116808e+03	1.303831e+03	1.511096e+03	1.737012e+03	1.977795e+03	2.226648e+03	2.471143e+03	2.689680e+03	2.847111e+03	2.888361e+03	2.771729e+03
1.720000e+02	 1.076963e-03	1.745411e-02	8.967493e-02	2.987802e-01	7.777746e-01	1.767936e+00	3.582762e+00	6.580248e+00	1.116364e+01	1.778448e+01	2.693631e+01	3.909536e+01	5.458129e+01	7.337536e+01	9.490985e+01	1.178436e+02	1.399960e+02	1.587610e+02	1.721787e+02	1.803530e+02	1.858978e+02	1.928016e+02	2.047780e+02	2.245063e+02	2.537149e+02	2.935614e+02	3.449716e+02	4.088281e+02	4.860826e+02	5.778072e+02	6.852112e+02	8.092596e+02	9.510513e+02	1.111853e+03	1.292030e+03	1.491194e+03	1.708125e+03	1.939418e+03	2.178021e+03	2.412050e+03	2.621305e+03	2.771729e+03	2.810520e+03
