Omm=0.3111	 Omb=0.0490	 h=0.677	 ns=0.9665	 Acamb=2.105e-09
z=0.0000	 D1=0.786	 D10=0.786	 f=0.5234	 r=0.00 Mpc/h
Cosmic variance for the quadrupole, with coefficient set to 1
0.000000e+00	 4.000000e+00	8.000000e+00	1.200000e+01	1.600000e+01	2.000000e+01	2.400000e+01	2.800000e+01	3.200000e+01	3.600000e+01	4.000000e+01	4.400000e+01	4.800000e+01	5.200000e+01	5.600000e+01	6.000000e+01	6.400000e+01	6.800000e+01	7.200000e+01	7.600000e+01	8.000000e+01	8.400000e+01	8.800000e+01	9.200000e+01	9.600000e+01	1.000000e+02	1.040000e+02	1.080000e+02	1.120000e+02	1.160000e+02	1.200000e+02	1.240000e+02	1.280000e+02	1.320000e+02	1.360000e+02	1.400000e+02	1.440000e+02	1.480000e+02	1.520000e+02	1.560000e+02	1.600000e+02	1.640000e+02	1.680000e+02	1.720000e+02
4.000000e+00	 1.772121e+03	1.564051e+03	1.036964e+03	6.960753e+02	4.791992e+02	3.385949e+02	2.450390e+02	1.801030e+02	1.346565e+02	1.020066e+02	7.821701e+01	6.051917e+01	4.741822e+01	3.733492e+01	2.977660e+01	2.393202e+01	1.951381e+01	1.626402e+01	1.386679e+01	1.213448e+01	1.036476e+01	7.579377e+00	2.991252e+00	-2.092713e+00	-4.841159e+00	-4.159122e+00	-1.470645e+00	1.249157e+00	3.041028e+00	3.858028e+00	3.940900e+00	3.635373e+00	3.140302e+00	2.608130e+00	2.117048e+00	1.675059e+00	1.308516e+00	1.002721e+00	7.599371e-01	5.775258e-01	4.260229e-01	3.154065e-01	2.315486e-01
8.000000e+00	 1.564051e+03	3.845805e+03	3.473919e+03	2.545836e+03	1.821475e+03	1.312838e+03	9.589264e+02	7.107090e+02	5.335637e+02	4.054499e+02	3.115366e+02	2.416823e+02	1.892517e+02	1.494660e+02	1.191543e+02	9.590981e+01	7.832694e+01	6.524705e+01	5.566742e+01	4.820985e+01	4.028754e+01	2.837172e+01	1.111803e+01	-6.610828e+00	-1.641743e+01	-1.476497e+01	-5.689268e+00	4.319856e+00	1.138516e+01	1.480378e+01	1.540880e+01	1.433855e+01	1.248945e+01	1.043149e+01	8.476462e+00	6.739883e+00	5.266701e+00	4.048429e+00	3.080630e+00	2.326550e+00	1.733093e+00	1.279622e+00	9.320585e-01
1.200000e+01	 1.036964e+03	3.473919e+03	5.267656e+03	4.799832e+03	3.720834e+03	2.785486e+03	2.078077e+03	1.559394e+03	1.180570e+03	9.021787e+02	6.957936e+02	5.414424e+02	4.248212e+02	3.361515e+02	2.683045e+02	2.164488e+02	1.770899e+02	1.476329e+02	1.254971e+02	1.069095e+02	8.623996e+01	5.815939e+01	2.327047e+01	-9.353330e+00	-2.782138e+01	-2.680273e+01	-1.146445e+01	7.800738e+00	2.290634e+01	3.107387e+01	3.323907e+01	3.149574e+01	2.778538e+01	2.341397e+01	1.912886e+01	1.527892e+01	1.198049e+01	9.248209e+00	7.058137e+00	5.329045e+00	3.986743e+00	2.945568e+00	2.118396e+00
1.600000e+01	 6.960753e+02	2.545836e+03	4.799832e+03	6.118294e+03	5.602646e+03	4.499916e+03	3.479935e+03	2.666340e+03	2.045018e+03	1.576418e+03	1.223198e+03	9.558702e+02	7.525439e+02	5.970090e+02	4.776974e+02	3.863058e+02	3.167545e+02	2.640206e+02	2.225989e+02	1.851411e+02	1.435162e+02	9.375034e+01	4.024063e+01	-5.620996e+00	-3.206137e+01	-3.395327e+01	-1.578844e+01	1.103204e+01	3.503053e+01	5.000198e+01	5.545690e+01	5.394068e+01	4.847119e+01	4.137842e+01	3.410875e+01	2.741153e+01	2.162064e+01	1.677062e+01	1.284469e+01	9.729683e+00	7.291205e+00	5.380183e+00	3.820942e+00
2.000000e+01	 4.791992e+02	1.821475e+03	3.720834e+03	5.602646e+03	6.559502e+03	6.028464e+03	4.961189e+03	3.930817e+03	3.075809e+03	2.401859e+03	1.880080e+03	1.478416e+03	1.169252e+03	9.310835e+02	7.474733e+02	6.063318e+02	4.980836e+02	4.140247e+02	3.443715e+02	2.785155e+02	2.089020e+02	1.352625e+02	6.490988e+01	8.637921e+00	-2.448615e+01	-3.094491e+01	-1.438291e+01	1.539414e+01	4.620730e+01	6.870950e+01	7.942158e+01	7.983848e+01	7.352893e+01	6.388668e+01	5.333341e+01	4.326780e+01	3.437034e+01	2.682778e+01	2.065423e+01	1.570692e+01	1.179296e+01	8.665901e+00	6.096561e+00
2.400000e+01	 3.385949e+02	1.312838e+03	2.785486e+03	4.499916e+03	6.028464e+03	6.722927e+03	6.197261e+03	5.191587e+03	4.191026e+03	3.336103e+03	2.644448e+03	2.097729e+03	1.669795e+03	1.336349e+03	1.077440e+03	8.768372e+02	7.206890e+02	5.952388e+02	4.866399e+02	3.838766e+02	2.825930e+02	1.858100e+02	1.010596e+02	3.637403e+01	-2.733336e+00	-1.490554e+01	-3.439069e+00	2.405058e+01	5.710586e+01	8.539858e+01	1.023520e+02	1.067349e+02	1.013247e+02	9.009174e+01	7.650393e+01	6.285787e+01	5.041464e+01	3.965485e+01	3.072817e+01	2.347766e+01	1.764198e+01	1.292465e+01	9.056087e+00
2.800000e+01	 2.450390e+02	9.589264e+02	2.078077e+03	3.479935e+03	4.961189e+03	6.197261e+03	6.703090e+03	6.195396e+03	5.260983e+03	4.311551e+03	3.481074e+03	2.795627e+03	2.244937e+03	1.808862e+03	1.465927e+03	1.196585e+03	9.818283e+02	8.033818e+02	6.460706e+02	5.013417e+02	3.679774e+02	2.497769e+02	1.521549e+02	7.955399e+01	3.409193e+01	1.509476e+01	1.914578e+01	4.027764e+01	7.041579e+01	1.004627e+02	1.224391e+02	1.320738e+02	1.296402e+02	1.185726e+02	1.029224e+02	8.597718e+01	6.983212e+01	5.548053e+01	4.330922e+01	3.325509e+01	2.503725e+01	1.833764e+01	1.287396e+01
3.200000e+01	 1.801030e+02	7.107090e+02	1.559394e+03	2.666340e+03	3.930817e+03	5.191587e+03	6.195396e+03	6.565477e+03	6.082909e+03	5.222513e+03	4.333933e+03	3.542661e+03	2.879944e+03	2.340913e+03	1.908494e+03	1.561126e+03	1.276368e+03	1.034500e+03	8.223771e+02	6.342434e+02	4.698498e+02	3.313215e+02	2.208690e+02	1.393778e+02	8.618798e+01	5.896465e+01	5.394490e+01	6.611026e+01	8.928829e+01	1.163329e+02	1.399220e+02	1.540306e+02	1.561046e+02	1.473397e+02	1.313281e+02	1.120484e+02	9.248695e+01	7.438515e+01	5.859806e+01	4.526462e+01	3.421071e+01	2.514634e+01	1.776792e+01
3.600000e+01	 1.346565e+02	5.335637e+02	1.180570e+03	2.045018e+03	3.075809e+03	4.191026e+03	5.260983e+03	6.082909e+03	6.355249e+03	5.902900e+03	5.115437e+03	4.292438e+03	3.549528e+03	2.918442e+03	2.395429e+03	1.962424e+03	1.598578e+03	1.287246e+03	1.018353e+03	7.874035e+02	5.927673e+02	4.336783e+02	3.089574e+02	2.165203e+02	1.535152e+02	1.162987e+02	1.007448e+02	1.022877e+02	1.158823e+02	1.361182e+02	1.570089e+02	1.727927e+02	1.790094e+02	1.741370e+02	1.599341e+02	1.399648e+02	1.178539e+02	9.626746e+01	7.669635e+01	5.972873e+01	4.543173e+01	3.362336e+01	2.399467e+01
4.000000e+01	 1.020066e+02	4.054499e+02	9.021787e+02	1.576418e+03	2.401859e+03	3.336103e+03	4.311551e+03	5.222513e+03	5.902900e+03	6.105932e+03	5.686842e+03	4.969873e+03	4.212520e+03	3.516773e+03	2.910209e+03	2.389881e+03	1.944261e+03	1.562794e+03	1.238169e+03	9.653122e+02	7.402369e+02	5.590189e+02	4.175432e+02	3.113775e+02	2.359817e+02	1.867370e+02	1.591581e+02	1.487503e+02	1.512079e+02	1.620581e+02	1.767234e+02	1.903665e+02	1.983554e+02	1.973877e+02	1.866467e+02	1.680311e+02	1.449457e+02	1.206783e+02	9.752936e+01	7.678766e+01	5.896061e+01	4.405736e+01	3.182905e+01
4.400000e+01	 7.821701e+01	3.115366e+02	6.957936e+02	1.223198e+03	1.880080e+03	2.644448e+03	3.481074e+03	4.333933e+03	5.115437e+03	5.686842e+03	5.841581e+03	5.456612e+03	4.801673e+03	4.095723e+03	3.428947e+03	2.831585e+03	2.310212e+03	1.862998e+03	1.485231e+03	1.171150e+03	9.144216e+02	7.085967e+02	5.472403e+02	4.241693e+02	3.335663e+02	2.701089e+02	2.288316e+02	2.053385e+02	1.954697e+02	1.954196e+02	2.014047e+02	2.095743e+02	2.160172e+02	2.169873e+02	2.098718e+02	1.942935e+02	1.721789e+02	1.466523e+02	1.207075e+02	9.645360e+01	7.500200e+01	5.672439e+01	4.156597e+01
4.800000e+01	 6.051917e+01	2.416823e+02	5.414424e+02	9.558702e+02	1.478416e+03	2.097729e+03	2.795627e+03	3.542661e+03	4.292438e+03	4.969873e+03	5.456612e+03	5.573621e+03	5.210515e+03	4.594340e+03	3.918843e+03	3.272556e+03	2.691611e+03	2.187661e+03	1.760889e+03	1.406181e+03	1.116204e+03	8.828818e+02	6.983007e+02	5.550188e+02	4.463837e+02	3.663392e+02	3.097057e+02	2.718186e+02	2.486760e+02	2.366521e+02	2.324168e+02	2.328236e+02	2.346375e+02	2.345373e+02	2.294237e+02	2.171890e+02	1.976668e+02	1.727647e+02	1.454377e+02	1.184215e+02	9.356234e+01	7.182041e+01	5.349385e+01
5.200000e+01	 4.741822e+01	1.892517e+02	4.248212e+02	7.525439e+02	1.169252e+03	1.669795e+03	2.244937e+03	2.879944e+03	3.549528e+03	4.212520e+03	4.801673e+03	5.210515e+03	5.282039e+03	4.922196e+03	4.332439e+03	3.689680e+03	3.078046e+03	2.532386e+03	2.063258e+03	1.669588e+03	1.345117e+03	1.081661e+03	8.706393e+02	7.040512e+02	5.745064e+02	4.756318e+02	4.017909e+02	3.482266e+02	3.107909e+02	2.858985e+02	2.704487e+02	2.615685e+02	2.565072e+02	2.525017e+02	2.466940e+02	2.364084e+02	2.199273e+02	1.973120e+02	1.704139e+02	1.419476e+02	1.143899e+02	8.940652e+01	6.782240e+01
5.600000e+01	 3.733492e+01	1.494660e+02	3.361515e+02	5.970090e+02	9.310835e+02	1.336349e+03	1.808862e+03	2.340913e+03	2.918442e+03	3.516773e+03	4.095723e+03	4.594340e+03	4.922196e+03	4.948429e+03	4.596253e+03	4.044062e+03	3.449031e+03	2.886231e+03	2.386326e+03	1.957954e+03	1.599275e+03	1.303889e+03	1.063882e+03	8.711269e+02	7.181508e+02	5.981579e+02	5.053554e+02	4.346978e+02	3.818869e+02	3.433016e+02	3.157837e+02	2.965630e+02	2.831310e+02	2.730659e+02	2.639094e+02	2.531920e+02	2.386558e+02	2.188847e+02	1.940228e+02	1.658337e+02	1.368338e+02	1.092775e+02	8.461454e+01
6.000000e+01	 2.977660e+01	1.191543e+02	2.683045e+02	4.776974e+02	7.474733e+02	1.077440e+03	1.465927e+03	1.908494e+03	2.395429e+03	2.910209e+03	3.428947e+03	3.918843e+03	4.332439e+03	4.596253e+03	4.598384e+03	4.270833e+03	3.768337e+03	3.228750e+03	2.718422e+03	2.264571e+03	1.874840e+03	1.547569e+03	1.276983e+03	1.056018e+03	8.773190e+02	7.342216e+02	6.206910e+02	5.315039e+02	4.622181e+02	4.090086e+02	3.686060e+02	3.382059e+02	3.153268e+02	2.976943e+02	2.831750e+02	2.696495e+02	2.549590e+02	2.371170e+02	2.149163e+02	1.885890e+02	1.597944e+02	1.308162e+02	1.036489e+02
6.400000e+01	 2.393202e+01	9.590981e+01	2.164488e+02	3.863058e+02	6.063318e+02	8.768372e+02	1.196585e+03	1.561126e+03	1.962424e+03	2.389881e+03	2.831585e+03	3.272556e+03	3.689680e+03	4.044062e+03	4.270833e+03	4.269185e+03	3.975949e+03	3.525528e+03	3.039729e+03	2.578021e+03	2.165357e+03	1.809080e+03	1.508210e+03	1.257886e+03	1.051920e+03	8.839809e+02	7.481191e+02	6.390377e+02	5.520893e+02	4.832602e+02	4.291287e+02	3.867407e+02	3.535297e+02	3.272775e+02	3.059952e+02	2.878189e+02	2.707623e+02	2.529855e+02	2.327226e+02	2.089307e+02	1.818423e+02	1.529574e+02	1.243389e+02
6.800000e+01	 1.951381e+01	7.832694e+01	1.770899e+02	3.167545e+02	4.980836e+02	7.206890e+02	9.818283e+02	1.276368e+03	1.598578e+03	1.944261e+03	2.310212e+03	2.691611e+03	3.078046e+03	3.449031e+03	3.768337e+03	3.975949e+03	3.979773e+03	3.721154e+03	3.318213e+03	2.879878e+03	2.460193e+03	2.082549e+03	1.754325e+03	1.475256e+03	1.241356e+03	1.047414e+03	8.879221e+02	7.576537e+02	6.518583e+02	5.663842e+02	4.976042e+02	4.423847e+02	3.980646e+02	3.623699e+02	3.333120e+02	3.091057e+02	2.879719e+02	2.682890e+02	2.483077e+02	2.264355e+02	2.017103e+02	1.743347e+02	1.456849e+02
7.200000e+01	 1.626402e+01	6.524705e+01	1.476329e+02	2.640206e+02	4.140247e+02	5.952388e+02	8.033818e+02	1.034500e+03	1.287246e+03	1.562794e+03	1.862998e+03	2.187661e+03	2.532386e+03	2.886231e+03	3.228750e+03	3.525528e+03	3.721154e+03	3.731704e+03	3.503244e+03	3.140750e+03	2.742578e+03	2.358345e+03	2.010077e+03	1.705338e+03	1.444356e+03	1.224119e+03	1.040149e+03	8.876135e+02	7.618922e+02	6.587233e+02	5.743268e+02	5.054330e+02	4.492472e+02	4.033677e+02	3.657135e+02	3.344998e+02	3.080313e+02	2.848301e+02	2.633019e+02	2.418265e+02	2.189290e+02	1.937207e+02	1.663923e+02
7.600000e+01	 1.386679e+01	5.566742e+01	1.254971e+02	2.225989e+02	3.443715e+02	4.866399e+02	6.460706e+02	8.223771e+02	1.018353e+03	1.238169e+03	1.485231e+03	1.760889e+03	2.063258e+03	2.386326e+03	2.718422e+03	3.039729e+03	3.318213e+03	3.503244e+03	3.518491e+03	3.314607e+03	2.985744e+03	2.621190e+03	2.266792e+03	1.943377e+03	1.658530e+03	1.413005e+03	1.204442e+03	1.029006e+03	8.824423e+02	7.605977e+02	6.596551e+02	5.762451e+02	5.074167e+02	4.506127e+02	4.036436e+02	3.646265e+02	3.319106e+02	3.039761e+02	2.793598e+02	2.565764e+02	2.341284e+02	2.106391e+02	1.852729e+02
8.000000e+01	 1.213448e+01	4.820985e+01	1.069095e+02	1.851411e+02	2.785155e+02	3.838766e+02	5.013417e+02	6.342434e+02	7.874035e+02	9.653122e+02	1.171150e+03	1.406181e+03	1.669588e+03	1.957954e+03	2.264571e+03	2.578021e+03	2.879878e+03	3.140750e+03	3.314607e+03	3.332019e+03	3.147718e+03	2.846725e+03	2.510513e+03	2.181506e+03	1.879511e+03	1.611851e+03	1.379839e+03	1.181512e+03	1.013570e+03	8.722734e+02	7.539581e+02	6.552005e+02	5.729340e+02	5.044733e+02	4.475300e+02	4.000121e+02	3.602497e+02	3.266465e+02	2.977680e+02	2.722294e+02	2.486512e+02	2.256139e+02	2.018246e+02
8.400000e+01	 1.036476e+01	4.028754e+01	8.623996e+01	1.435162e+02	2.089020e+02	2.825930e+02	3.679774e+02	4.698498e+02	5.927673e+02	7.402369e+02	9.144216e+02	1.116204e+03	1.345117e+03	1.599275e+03	1.874840e+03	2.165357e+03	2.460193e+03	2.742578e+03	2.985744e+03	3.147718e+03	3.165215e+03	2.996582e+03	2.719017e+03	2.407076e+03	2.100127e+03	1.816768e+03	1.564340e+03	1.344217e+03	1.155008e+03	9.938726e+02	8.575203e+02	7.426566e+02	6.461888e+02	5.653778e+02	4.976792e+02	4.410317e+02	3.935136e+02	3.534657e+02	3.194182e+02	2.900041e+02	2.639290e+02	2.398730e+02	2.165077e+02
8.800000e+01	 7.579377e+00	2.837172e+01	5.815939e+01	9.375034e+01	1.352625e+02	1.858100e+02	2.497769e+02	3.313215e+02	4.336783e+02	5.590189e+02	7.085967e+02	8.828818e+02	1.081661e+03	1.303889e+03	1.547569e+03	1.809080e+03	2.082549e+03	2.358345e+03	2.621190e+03	2.846725e+03	2.996582e+03	3.012835e+03	2.857062e+03	2.599470e+03	2.308624e+03	2.021017e+03	1.754184e+03	1.515289e+03	1.306006e+03	1.125214e+03	9.704961e+02	8.389351e+02	7.275884e+02	6.336341e+02	5.545631e+02	4.880558e+02	4.320921e+02	3.849009e+02	3.449248e+02	3.107526e+02	2.811071e+02	2.547525e+02	2.304593e+02
9.200000e+01	 2.991252e+00	1.111803e+01	2.327047e+01	4.024063e+01	6.490988e+01	1.010596e+02	1.521549e+02	2.208690e+02	3.089574e+02	4.175432e+02	5.472403e+02	6.983007e+02	8.706393e+02	1.063882e+03	1.276983e+03	1.508210e+03	1.754325e+03	2.010077e+03	2.266792e+03	2.510513e+03	2.719017e+03	2.857062e+03	2.871328e+03	2.726309e+03	2.486075e+03	2.213724e+03	1.943272e+03	1.691295e+03	1.464763e+03	1.265481e+03	1.092621e+03	9.440992e+02	8.173570e+02	7.096948e+02	6.185176e+02	5.414493e+02	4.763545e+02	4.213466e+02	3.747457e+02	3.350742e+02	3.010077e+02	2.713489e+02	2.449371e+02
9.600000e+01	 -2.092713e+00	-6.610828e+00	-9.353330e+00	-5.620996e+00	8.637921e+00	3.637403e+01	7.955399e+01	1.393778e+02	2.165203e+02	3.113775e+02	4.241693e+02	5.550188e+02	7.040512e+02	8.711269e+02	1.056018e+03	1.257886e+03	1.475256e+03	1.705338e+03	1.943377e+03	2.181506e+03	2.407076e+03	2.599470e+03	2.726309e+03	2.738320e+03	2.602395e+03	2.377355e+03	2.121510e+03	1.866570e+03	1.628204e+03	1.413136e+03	1.223294e+03	1.058091e+03	9.157091e+02	7.937917e+02	6.898755e+02	6.015668e+02	5.266580e+02	4.631527e+02	4.092608e+02	3.634151e+02	3.242296e+02	2.904607e+02	2.609842e+02
1.000000e+02	 -4.841159e+00	-1.641743e+01	-2.782138e+01	-3.206137e+01	-2.448615e+01	-2.733336e+00	3.409193e+01	8.618798e+01	1.535152e+02	2.359817e+02	3.335663e+02	4.463837e+02	5.745064e+02	7.181508e+02	8.773190e+02	1.051920e+03	1.241356e+03	1.444356e+03	1.658530e+03	1.879511e+03	2.100127e+03	2.308624e+03	2.486075e+03	2.602395e+03	2.611994e+03	2.484020e+03	2.272606e+03	2.031738e+03	1.791043e+03	1.565318e+03	1.361069e+03	1.180260e+03	1.022455e+03	8.860435e+02	7.688891e+02	6.687299e+02	5.833433e+02	5.106657e+02	4.488280e+02	3.961693e+02	3.512193e+02	3.126760e+02	2.793790e+02
1.040000e+02	 -4.159122e+00	-1.476497e+01	-2.680273e+01	-3.395327e+01	-3.094491e+01	-1.490554e+01	1.509476e+01	5.896465e+01	1.162987e+02	1.867370e+02	2.701089e+02	3.663392e+02	4.756318e+02	5.981579e+02	7.342216e+02	8.839809e+02	1.047414e+03	1.224119e+03	1.413005e+03	1.611851e+03	1.816768e+03	2.021017e+03	2.213724e+03	2.377355e+03	2.484020e+03	2.491393e+03	2.370610e+03	2.171590e+03	1.944497e+03	1.717051e+03	1.503214e+03	1.309207e+03	1.136999e+03	9.862938e+02	8.556668e+02	7.431664e+02	6.467028e+02	5.642167e+02	4.937959e+02	4.336993e+02	3.823529e+02	3.384412e+02	3.006825e+02
1.080000e+02	 -1.470645e+00	-5.689268e+00	-1.146445e+01	-1.578844e+01	-1.438291e+01	-3.439069e+00	1.914578e+01	5.394490e+01	1.007448e+02	1.591581e+02	2.288316e+02	3.097057e+02	4.017909e+02	5.053554e+02	6.206910e+02	7.481191e+02	8.879221e+02	1.040149e+03	1.204442e+03	1.379839e+03	1.564340e+03	1.754184e+03	1.943272e+03	2.121510e+03	2.272606e+03	2.370610e+03	2.376052e+03	2.261914e+03	2.074376e+03	1.860107e+03	1.645043e+03	1.442359e+03	1.258015e+03	1.093976e+03	9.500542e+02	8.249773e+02	7.169675e+02	6.241084e+02	5.444967e+02	4.763534e+02	4.180499e+02	3.681714e+02	3.253323e+02
1.120000e+02	 1.249157e+00	4.319856e+00	7.800738e+00	1.103204e+01	1.539414e+01	2.405058e+01	4.027764e+01	6.611026e+01	1.022877e+02	1.487503e+02	2.053385e+02	2.718186e+02	3.482266e+02	4.346978e+02	5.315039e+02	6.390377e+02	7.576537e+02	8.876135e+02	1.029006e+03	1.181512e+03	1.344217e+03	1.515289e+03	1.691295e+03	1.866570e+03	2.031738e+03	2.171590e+03	2.261914e+03	2.265852e+03	2.158001e+03	1.981153e+03	1.778811e+03	1.575300e+03	1.383072e+03	1.207827e+03	1.051505e+03	9.140180e+02	7.942448e+02	6.905705e+02	6.012310e+02	5.244661e+02	4.586401e+02	4.021593e+02	3.537110e+02
1.160000e+02	 3.041028e+00	1.138516e+01	2.290634e+01	3.503053e+01	4.620730e+01	5.710586e+01	7.041579e+01	8.928829e+01	1.158823e+02	1.512079e+02	1.954697e+02	2.486760e+02	3.107909e+02	3.818869e+02	4.622181e+02	5.520893e+02	6.518583e+02	7.618922e+02	8.824423e+02	1.013570e+03	1.155008e+03	1.306006e+03	1.464763e+03	1.628204e+03	1.791043e+03	1.944497e+03	2.074376e+03	2.158001e+03	2.160821e+03	2.058891e+03	1.891979e+03	1.700733e+03	1.507996e+03	1.325540e+03	1.158827e+03	1.009783e+03	8.784089e+02	7.637147e+02	6.642325e+02	5.783542e+02	5.044038e+02	4.407960e+02	3.861756e+02
1.200000e+02	 3.858028e+00	1.480378e+01	3.107387e+01	5.000198e+01	6.870950e+01	8.539858e+01	1.004627e+02	1.163329e+02	1.361182e+02	1.620581e+02	1.954196e+02	2.366521e+02	2.858985e+02	3.433016e+02	4.090086e+02	4.832602e+02	5.663842e+02	6.587233e+02	7.605977e+02	8.722734e+02	9.938726e+02	1.125214e+03	1.265481e+03	1.413136e+03	1.565318e+03	1.717051e+03	1.860107e+03	1.981153e+03	2.058891e+03	2.060880e+03	1.964517e+03	1.806836e+03	1.625889e+03	1.443172e+03	1.269847e+03	1.111152e+03	9.689878e+02	8.434346e+02	7.336187e+02	6.382045e+02	5.556114e+02	4.843875e+02	4.230998e+02
1.240000e+02	 3.940900e+00	1.540880e+01	3.323907e+01	5.545690e+01	7.942158e+01	1.023520e+02	1.224391e+02	1.399220e+02	1.570089e+02	1.767234e+02	2.014047e+02	2.324168e+02	2.704487e+02	3.157837e+02	3.686060e+02	4.291287e+02	4.976042e+02	5.743268e+02	6.596551e+02	7.539581e+02	8.575203e+02	9.704961e+02	1.092621e+03	1.223294e+03	1.361069e+03	1.503214e+03	1.645043e+03	1.778811e+03	1.891979e+03	1.964517e+03	1.965894e+03	1.874729e+03	1.725600e+03	1.554216e+03	1.380842e+03	1.216072e+03	1.064930e+03	9.292915e+02	8.092961e+02	7.041334e+02	6.125607e+02	5.332591e+02	4.647657e+02
1.280000e+02	 3.635373e+00	1.433855e+01	3.149574e+01	5.394068e+01	7.983848e+01	1.067349e+02	1.320738e+02	1.540306e+02	1.727927e+02	1.903665e+02	2.095743e+02	2.328236e+02	2.615685e+02	2.965630e+02	3.382059e+02	3.867407e+02	4.423847e+02	5.054330e+02	5.762451e+02	6.552005e+02	7.426566e+02	8.389351e+02	9.440992e+02	1.058091e+03	1.180260e+03	1.309207e+03	1.442359e+03	1.575300e+03	1.700733e+03	1.806836e+03	1.874729e+03	1.875636e+03	1.789319e+03	1.648138e+03	1.485661e+03	1.321026e+03	1.164297e+03	1.020282e+03	8.908115e+02	7.760638e+02	6.753681e+02	5.875998e+02	5.113932e+02
1.320000e+02	 3.140302e+00	1.248945e+01	2.778538e+01	4.847119e+01	7.352893e+01	1.013247e+02	1.296402e+02	1.561046e+02	1.790094e+02	1.983554e+02	2.160172e+02	2.346375e+02	2.565072e+02	2.831310e+02	3.153268e+02	3.535297e+02	3.980646e+02	4.492472e+02	5.074167e+02	5.729340e+02	6.461888e+02	7.275884e+02	8.173570e+02	9.157091e+02	1.022455e+03	1.136999e+03	1.258015e+03	1.383072e+03	1.507996e+03	1.625889e+03	1.725600e+03	1.789319e+03	1.789885e+03	1.708111e+03	1.574343e+03	1.420192e+03	1.263745e+03	1.114549e+03	9.772438e+02	8.536273e+02	7.439309e+02	6.474700e+02	5.632016e+02
1.360000e+02	 2.608130e+00	1.043149e+01	2.341397e+01	4.137842e+01	6.388668e+01	9.009174e+01	1.185726e+02	1.473397e+02	1.741370e+02	1.973877e+02	2.169873e+02	2.345373e+02	2.525017e+02	2.730659e+02	2.976943e+02	3.272775e+02	3.623699e+02	4.033677e+02	4.506127e+02	5.044733e+02	5.653778e+02	6.336341e+02	7.096948e+02	7.937917e+02	8.860435e+02	9.862938e+02	1.093976e+03	1.207827e+03	1.325540e+03	1.443172e+03	1.554216e+03	1.648138e+03	1.708111e+03	1.708457e+03	1.630963e+03	1.504123e+03	1.357735e+03	1.208946e+03	1.066886e+03	9.359364e+02	8.178238e+02	7.127967e+02	6.204018e+02
1.400000e+02	 2.117048e+00	8.476462e+00	1.912886e+01	3.410875e+01	5.333341e+01	7.650393e+01	1.029224e+02	1.313281e+02	1.599341e+02	1.866467e+02	2.098718e+02	2.294237e+02	2.466940e+02	2.639094e+02	2.831750e+02	3.059952e+02	3.333120e+02	3.657135e+02	4.036436e+02	4.475300e+02	4.976792e+02	5.545631e+02	6.185176e+02	6.898755e+02	7.688891e+02	8.556668e+02	9.500542e+02	1.051505e+03	1.158827e+03	1.269847e+03	1.380842e+03	1.485661e+03	1.574343e+03	1.630963e+03	1.631195e+03	1.557703e+03	1.437321e+03	1.298251e+03	1.156699e+03	1.021256e+03	8.962023e+02	7.833311e+02	6.828826e+02
1.440000e+02	 1.675059e+00	6.739883e+00	1.527892e+01	2.741153e+01	4.326780e+01	6.285787e+01	8.597718e+01	1.120484e+02	1.399648e+02	1.680311e+02	1.942935e+02	2.171890e+02	2.364084e+02	2.531920e+02	2.696495e+02	2.878189e+02	3.091057e+02	3.344998e+02	3.646265e+02	4.000121e+02	4.410317e+02	4.880558e+02	5.414493e+02	6.015668e+02	6.687299e+02	7.431664e+02	8.249773e+02	9.140180e+02	1.009783e+03	1.111152e+03	1.216072e+03	1.321026e+03	1.420192e+03	1.504123e+03	1.557703e+03	1.557881e+03	1.488207e+03	1.373930e+03	1.241637e+03	1.106727e+03	9.775809e+02	8.582225e+02	7.502607e+02
1.480000e+02	 1.308516e+00	5.266701e+00	1.198049e+01	2.162064e+01	3.437034e+01	5.041464e+01	6.983212e+01	9.248695e+01	1.178539e+02	1.449457e+02	1.721789e+02	1.976668e+02	2.199273e+02	2.386558e+02	2.549590e+02	2.707623e+02	2.879719e+02	3.080313e+02	3.319106e+02	3.602497e+02	3.935136e+02	4.320921e+02	4.763545e+02	5.266580e+02	5.833433e+02	6.467028e+02	7.169675e+02	7.942448e+02	8.784089e+02	9.689878e+02	1.064930e+03	1.164297e+03	1.263745e+03	1.357735e+03	1.437321e+03	1.488207e+03	1.488458e+03	1.422301e+03	1.313593e+03	1.187692e+03	1.059189e+03	9.359091e+02	8.218469e+02
1.520000e+02	 1.002721e+00	4.048429e+00	9.248209e+00	1.677062e+01	2.682778e+01	3.965485e+01	5.548053e+01	7.438515e+01	9.626746e+01	1.206783e+02	1.466523e+02	1.727647e+02	1.973120e+02	2.188847e+02	2.371170e+02	2.529855e+02	2.682890e+02	2.848301e+02	3.039761e+02	3.266465e+02	3.534657e+02	3.849009e+02	4.213466e+02	4.631527e+02	5.106657e+02	5.642167e+02	6.241084e+02	6.905705e+02	7.637147e+02	8.434346e+02	9.292915e+02	1.020282e+03	1.114549e+03	1.208946e+03	1.298251e+03	1.373930e+03	1.422301e+03	1.422535e+03	1.359719e+03	1.256394e+03	1.136440e+03	1.013869e+03	8.962271e+02
1.560000e+02	 7.599371e-01	3.080630e+00	7.058137e+00	1.284469e+01	2.065423e+01	3.072817e+01	4.330922e+01	5.859806e+01	7.669635e+01	9.752936e+01	1.207075e+02	1.454377e+02	1.704139e+02	1.940228e+02	2.149163e+02	2.327226e+02	2.483077e+02	2.633019e+02	2.793598e+02	2.977680e+02	3.194182e+02	3.449248e+02	3.747457e+02	4.092608e+02	4.488280e+02	4.937959e+02	5.444967e+02	6.012310e+02	6.642325e+02	7.336187e+02	8.092961e+02	8.908115e+02	9.772438e+02	1.066886e+03	1.156699e+03	1.241637e+03	1.313593e+03	1.359719e+03	1.360123e+03	1.300421e+03	1.202058e+03	1.087800e+03	9.708287e+02
1.600000e+02	 5.775258e-01	2.326550e+00	5.329045e+00	9.729683e+00	1.570692e+01	2.347766e+01	3.325509e+01	4.526462e+01	5.972873e+01	7.678766e+01	9.645360e+01	1.184215e+02	1.419476e+02	1.658337e+02	1.885890e+02	2.089307e+02	2.264355e+02	2.418265e+02	2.565764e+02	2.722294e+02	2.900041e+02	3.107526e+02	3.350742e+02	3.634151e+02	3.961693e+02	4.336993e+02	4.763534e+02	5.244661e+02	5.783542e+02	6.382045e+02	7.041334e+02	7.760638e+02	8.536273e+02	9.359364e+02	1.021256e+03	1.106727e+03	1.187692e+03	1.256394e+03	1.300421e+03	1.300942e+03	1.244275e+03	1.150592e+03	1.041571e+03
1.640000e+02	 4.260229e-01	1.733093e+00	3.986743e+00	7.291205e+00	1.179296e+01	1.764198e+01	2.503725e+01	3.421071e+01	4.543173e+01	5.896061e+01	7.500200e+01	9.356234e+01	1.143899e+02	1.368338e+02	1.597944e+02	1.818423e+02	2.017103e+02	2.189290e+02	2.341284e+02	2.486512e+02	2.639290e+02	2.811071e+02	3.010077e+02	3.242296e+02	3.512193e+02	3.823529e+02	4.180499e+02	4.586401e+02	5.044038e+02	5.556114e+02	6.125607e+02	6.753681e+02	7.439309e+02	8.178238e+02	8.962023e+02	9.775809e+02	1.059189e+03	1.136440e+03	1.202058e+03	1.244275e+03	1.244957e+03	1.191034e+03	1.101791e+03
1.680000e+02	 3.154065e-01	1.279622e+00	2.945568e+00	5.380183e+00	8.665901e+00	1.292465e+01	1.833764e+01	2.514634e+01	3.362336e+01	4.405736e+01	5.672439e+01	7.182041e+01	8.940652e+01	1.092775e+02	1.308162e+02	1.529574e+02	1.743347e+02	1.937207e+02	2.106391e+02	2.256139e+02	2.398730e+02	2.547525e+02	2.713489e+02	2.904607e+02	3.126760e+02	3.384412e+02	3.681714e+02	4.021593e+02	4.407960e+02	4.843875e+02	5.332591e+02	5.875998e+02	6.474700e+02	7.127967e+02	7.833311e+02	8.582225e+02	9.359091e+02	1.013869e+03	1.087800e+03	1.150592e+03	1.191034e+03	1.191934e+03	1.140658e+03
1.720000e+02	 2.315486e-01	9.320585e-01	2.118396e+00	3.820942e+00	6.096561e+00	9.056087e+00	1.287396e+01	1.776792e+01	2.399467e+01	3.182905e+01	4.156597e+01	5.349385e+01	6.782240e+01	8.461454e+01	1.036489e+02	1.243389e+02	1.456849e+02	1.663923e+02	1.852729e+02	2.018246e+02	2.165077e+02	2.304593e+02	2.449371e+02	2.609842e+02	2.793790e+02	3.006825e+02	3.253323e+02	3.537110e+02	3.861756e+02	4.230998e+02	4.647657e+02	5.113932e+02	5.632016e+02	6.204018e+02	6.828826e+02	7.502607e+02	8.218469e+02	8.962271e+02	9.708287e+02	1.041571e+03	1.101791e+03	1.140658e+03	1.141712e+03
