Omm=0.3111	 Omb=0.0490	 h=0.677	 ns=0.9665	 Acamb=2.105e-09
z=0.0000	 D1=0.786	 D10=0.786	 f=0.5234	 r=0.00 Mpc/h
Mixed variance for the octupole, with coefficient set to 1
0.000000e+00	 4.000000e+00	8.000000e+00	1.200000e+01	1.600000e+01	2.000000e+01	2.400000e+01	2.800000e+01	3.200000e+01	3.600000e+01	4.000000e+01	4.400000e+01	4.800000e+01	5.200000e+01	5.600000e+01	6.000000e+01	6.400000e+01	6.800000e+01	7.200000e+01	7.600000e+01	8.000000e+01	8.400000e+01	8.800000e+01	9.200000e+01	9.600000e+01	1.000000e+02	1.040000e+02	1.080000e+02	1.120000e+02	1.160000e+02	1.200000e+02	1.240000e+02	1.280000e+02	1.320000e+02	1.360000e+02	1.400000e+02	1.440000e+02	1.480000e+02	1.520000e+02	1.560000e+02	1.600000e+02	1.640000e+02	1.680000e+02	1.720000e+02
4.000000e+00	 3.267699e+01	2.997419e+00	5.770782e-01	1.788455e-01	5.095201e-02	3.126619e-02	2.079063e-02	3.412521e-03	5.821014e-03	1.137899e-03	1.973897e-03	1.253342e-03	7.979246e-04	9.649390e-06	4.518360e-04	1.465315e-04	2.012880e-04	1.731663e-04	-8.411887e-05	-1.234082e-04	-1.088018e-04	-2.421274e-05	7.571633e-04	6.201141e-04	-1.287789e-04	-4.956298e-04	-3.858456e-04	-9.228967e-05	1.683529e-05	5.344342e-05	6.546175e-05	5.028318e-05	4.113758e-05	1.001092e-05	1.300113e-05	7.857504e-06	3.233043e-07	1.916191e-05	-1.508526e-05	5.540013e-06	1.241586e-06	-5.745648e-06	4.889305e-06
8.000000e+00	 2.997419e+00	1.973967e+01	4.695802e+00	1.408439e+00	5.387347e-01	2.312823e-01	1.131886e-01	6.210809e-02	3.497241e-02	1.939745e-02	1.330300e-02	7.443165e-03	5.551350e-03	3.647812e-03	2.284652e-03	1.907562e-03	1.090158e-03	7.720815e-04	1.607116e-04	-7.418387e-04	-9.765793e-04	9.647991e-04	4.636986e-03	4.148618e-03	-3.652285e-04	-3.382132e-03	-2.840651e-03	-9.821207e-04	5.212962e-05	4.751496e-04	5.037028e-04	3.529774e-04	3.037423e-04	1.457141e-04	1.079691e-04	8.094498e-05	2.782106e-05	5.169828e-05	-9.476156e-06	8.031477e-06	1.835215e-05	-1.748070e-05	-1.059180e-05
1.200000e+01	 5.770782e-01	4.695802e+00	1.394044e+01	4.867406e+00	1.849931e+00	8.152434e-01	3.962112e-01	2.093098e-01	1.191638e-01	7.083761e-02	4.250276e-02	2.801408e-02	1.787767e-02	1.235445e-02	8.580882e-03	5.838597e-03	4.065021e-03	2.288532e-03	1.607567e-04	-1.896763e-03	-1.142417e-03	5.176333e-03	1.172718e-02	9.899839e-03	-7.567548e-05	-8.056859e-03	-8.224708e-03	-4.007990e-03	-3.359776e-04	1.242245e-03	1.521964e-03	1.290881e-03	9.031346e-04	6.063385e-04	3.737877e-04	2.419697e-04	1.733119e-04	8.862521e-05	4.483031e-05	2.176982e-05	1.722804e-05	-1.665831e-05	-4.677022e-05
1.600000e+01	 1.788455e-01	1.408439e+00	4.867406e+00	1.058810e+01	4.539455e+00	2.003693e+00	9.783772e-01	5.152654e-01	2.890213e-01	1.714199e-01	1.057192e-01	6.661611e-02	4.424812e-02	2.952523e-02	2.049852e-02	1.418504e-02	9.369891e-03	4.794935e-03	1.918928e-04	-1.957243e-03	2.854073e-03	1.316174e-02	1.982152e-02	1.508124e-02	1.109263e-03	-1.188133e-02	-1.518007e-02	-9.771691e-03	-2.563444e-03	1.790825e-03	3.121483e-03	2.902389e-03	2.185076e-03	1.489224e-03	9.633932e-04	6.208931e-04	4.006517e-04	2.343391e-04	1.323725e-04	6.610343e-05	8.196935e-06	-3.166500e-05	-4.238484e-05
2.000000e+01	 5.095201e-02	5.387347e-01	1.849931e+00	4.539455e+00	8.400340e+00	4.093581e+00	2.001566e+00	1.053759e+00	5.888846e-01	3.461446e-01	2.130512e-01	1.354605e-01	8.822561e-02	5.964592e-02	4.057455e-02	2.788654e-02	1.762731e-02	8.588012e-03	2.161650e-03	3.094888e-03	1.230922e-02	2.309459e-02	2.643727e-02	1.835142e-02	2.360616e-03	-1.327573e-02	-2.064026e-02	-1.703009e-02	-7.567451e-03	6.964951e-04	4.612708e-03	5.137696e-03	4.234284e-03	3.025909e-03	2.029976e-03	1.312622e-03	8.155184e-04	5.123929e-04	2.918692e-04	1.367293e-04	2.216216e-05	-3.528085e-05	8.049111e-06
2.400000e+01	 3.126619e-02	2.312823e-01	8.152434e-01	2.003693e+00	4.093581e+00	6.865579e+00	3.653158e+00	1.922587e+00	1.072000e+00	6.276420e-01	3.831199e-01	2.431798e-01	1.587925e-01	1.058270e-01	7.214759e-02	4.795152e-02	2.964522e-02	1.584777e-02	1.053923e-02	1.535515e-02	2.544069e-02	3.249613e-02	3.076401e-02	1.979344e-02	3.269418e-03	-1.289680e-02	-2.277113e-02	-2.289206e-02	-1.434920e-02	-3.239902e-03	4.540415e-03	7.371243e-03	6.936657e-03	5.374623e-03	3.743807e-03	2.455601e-03	1.567245e-03	9.605126e-04	5.629822e-04	2.679691e-04	8.726968e-05	3.770730e-05	6.257539e-05
2.800000e+01	 2.079063e-02	1.131886e-01	3.962112e-01	9.783772e-01	2.001566e+00	3.653158e+00	5.734818e+00	3.251648e+00	1.810217e+00	1.055755e+00	6.416616e-01	4.041398e-01	2.630463e-01	1.749916e-01	1.169168e-01	7.690849e-02	4.795609e-02	3.167992e-02	2.822141e-02	3.341728e-02	3.948589e-02	4.021994e-02	3.340087e-02	2.022174e-02	3.952551e-03	-1.144472e-02	-2.218321e-02	-2.533912e-02	-2.020213e-02	-9.332080e-03	1.632305e-03	8.152534e-03	9.726032e-03	8.398118e-03	6.239153e-03	4.260200e-03	2.756692e-03	1.712555e-03	9.900296e-04	5.286163e-04	2.708470e-04	1.659245e-04	1.400129e-04
3.200000e+01	 3.412521e-03	6.210809e-02	2.093098e-01	5.152654e-01	1.053759e+00	1.922587e+00	3.251648e+00	4.871837e+00	2.898517e+00	1.686159e+00	1.019816e+00	6.389892e-01	4.123726e-01	2.721992e-01	1.803139e-01	1.179299e-01	7.920708e-02	5.982922e-02	5.452438e-02	5.448887e-02	5.301885e-02	4.674689e-02	3.542855e-02	2.066604e-02	4.890195e-03	-9.382224e-03	-1.987011e-02	-2.476845e-02	-2.299697e-02	-1.502755e-02	-3.698305e-03	6.174665e-03	1.120015e-02	1.155071e-02	9.451783e-03	6.835569e-03	4.572012e-03	2.879655e-03	1.725261e-03	1.001774e-03	5.947099e-04	3.649192e-04	2.312359e-04
3.600000e+01	 5.821014e-03	3.497241e-02	1.191638e-01	2.890213e-01	5.888846e-01	1.072000e+00	1.810217e+00	2.898517e+00	4.195090e+00	2.591796e+00	1.562069e+00	9.727843e-01	6.230782e-01	4.066175e-01	2.682763e-01	1.801843e-01	1.281598e-01	1.011856e-01	8.691139e-02	7.709814e-02	6.640509e-02	5.330888e-02	3.808116e-02	2.202497e-02	6.625724e-03	-6.645721e-03	-1.657373e-02	-2.219228e-02	-2.278288e-02	-1.812597e-02	-9.097585e-03	1.627509e-03	1.000146e-02	1.354442e-02	1.284977e-02	1.011984e-02	7.134282e-03	4.667366e-03	2.921653e-03	1.791904e-03	1.088877e-03	6.577451e-04	3.849677e-04
4.000000e+01	 1.137899e-03	1.939745e-02	7.083761e-02	1.714199e-01	3.461446e-01	6.276420e-01	1.055755e+00	1.686159e+00	2.591796e+00	3.652972e+00	2.325956e+00	1.440768e+00	9.152738e-01	5.934431e-01	3.932559e-01	2.711476e-01	1.981365e-01	1.538070e-01	1.246673e-01	1.016184e-01	8.110827e-02	6.136962e-02	4.252765e-02	2.505162e-02	9.680168e-03	-3.010719e-03	-1.251178e-02	-1.841373e-02	-2.044172e-02	-1.837911e-02	-1.236961e-02	-3.398269e-03	6.190219e-03	1.301276e-02	1.521090e-02	1.363042e-02	1.041921e-02	7.244287e-03	4.745561e-03	2.999118e-03	1.846247e-03	1.105439e-03	6.944555e-04
4.400000e+01	 1.973897e-03	1.330300e-02	4.250276e-02	1.057192e-01	2.130512e-01	3.831199e-01	6.416616e-01	1.019816e+00	1.562069e+00	2.325956e+00	3.208109e+00	2.090175e+00	1.320395e+00	8.545924e-01	5.708538e-01	3.972283e-01	2.893805e-01	2.185781e-01	1.684370e-01	1.303046e-01	9.892064e-02	7.249567e-02	4.974435e-02	3.046973e-02	1.449383e-02	1.822896e-03	-7.595378e-03	-1.378873e-02	-1.673783e-02	-1.648823e-02	-1.307202e-02	-6.722703e-03	1.606712e-03	9.858725e-03	1.519504e-02	1.624563e-02	1.403392e-02	1.057289e-02	7.315174e-03	4.774221e-03	2.994068e-03	1.835121e-03	1.117822e-03
4.800000e+01	 1.253342e-03	7.443165e-03	2.801408e-02	6.661611e-02	1.354605e-01	2.431798e-01	4.041398e-01	6.389892e-01	9.727843e-01	1.440768e+00	2.090175e+00	2.834102e+00	1.882181e+00	1.219383e+00	8.157015e-01	5.654790e-01	4.050286e-01	2.977295e-01	2.218315e-01	1.654338e-01	1.223181e-01	8.803849e-02	6.069820e-02	3.887080e-02	2.156325e-02	8.207029e-03	-1.634352e-03	-8.306060e-03	-1.208937e-02	-1.316297e-02	-1.168476e-02	-7.760885e-03	-1.673826e-03	5.710514e-03	1.262262e-02	1.670524e-02	1.690546e-02	1.425049e-02	1.059525e-02	7.259391e-03	4.712808e-03	2.962703e-03	1.824695e-03
5.200000e+01	 7.979246e-04	5.551350e-03	1.787767e-02	4.424812e-02	8.822561e-02	1.587925e-01	2.630463e-01	4.123726e-01	6.230782e-01	9.152738e-01	1.320395e+00	1.882181e+00	2.528958e+00	1.720944e+00	1.146406e+00	7.858828e-01	5.530051e-01	3.969914e-01	2.888533e-01	2.109806e-01	1.532168e-01	1.098630e-01	7.649846e-02	5.097233e-02	3.134575e-02	1.653877e-02	5.679804e-03	-1.858337e-03	-6.575587e-03	-8.818560e-03	-8.843414e-03	-6.842210e-03	-2.962891e-03	2.548768e-03	8.965784e-03	1.472928e-02	1.777331e-02	1.725860e-02	1.423683e-02	1.046844e-02	7.143763e-03	4.632887e-03	2.888383e-03
5.600000e+01	 9.649390e-06	3.647812e-03	1.235445e-02	2.952523e-02	5.964592e-02	1.058270e-01	1.749916e-01	2.721992e-01	4.066175e-01	5.934431e-01	8.545924e-01	1.219383e+00	1.720944e+00	2.289973e+00	1.588917e+00	1.076268e+00	7.449810e-01	5.253757e-01	3.754234e-01	2.704173e-01	1.948584e-01	1.393519e-01	9.832482e-02	6.747013e-02	4.444384e-02	2.725954e-02	1.469946e-02	5.792079e-03	-1.142219e-04	-3.809333e-03	-4.937522e-03	-4.502810e-03	-2.434653e-03	1.165910e-03	6.064073e-03	1.156730e-02	1.627598e-02	1.840451e-02	1.732816e-02	1.408519e-02	1.027948e-02	6.963121e-03	4.452760e-03
6.000000e+01	 4.518360e-04	2.284652e-03	8.580882e-03	2.049852e-02	4.057455e-02	7.214759e-02	1.169168e-01	1.803139e-01	2.682763e-01	3.932559e-01	5.708538e-01	8.157015e-01	1.146406e+00	1.588917e+00	2.083356e+00	1.461813e+00	9.988339e-01	6.942995e-01	4.896697e-01	3.488427e-01	2.500247e-01	1.790849e-01	1.273472e-01	8.954070e-02	6.149856e-02	4.091760e-02	2.580865e-02	1.498170e-02	7.478289e-03	2.624034e-03	-1.119529e-04	-1.077309e-03	-4.886233e-04	1.481008e-03	4.695391e-03	8.914892e-03	1.353010e-02	1.731938e-02	1.872588e-02	1.722872e-02	1.381122e-02	9.962801e-03	6.662300e-03
6.400000e+01	 1.465315e-04	1.907562e-03	5.838597e-03	1.418504e-02	2.788654e-02	4.795152e-02	7.690849e-02	1.179299e-01	1.801843e-01	2.711476e-01	3.972283e-01	5.654790e-01	7.858828e-01	1.076268e+00	1.461813e+00	1.892196e+00	1.337890e+00	9.196701e-01	6.415722e-01	4.532109e-01	3.229538e-01	2.314178e-01	1.658207e-01	1.181724e-01	8.356393e-02	5.808246e-02	3.954161e-02	2.606009e-02	1.648351e-02	9.889560e-03	5.658421e-03	3.329114e-03	2.568829e-03	3.135003e-03	4.841119e-03	7.569624e-03	1.113314e-02	1.498269e-02	1.800455e-02	1.879023e-02	1.692451e-02	1.337758e-02	9.543718e-03
6.800000e+01	 2.012880e-04	1.090158e-03	4.065021e-03	9.369891e-03	1.762731e-02	2.964522e-02	4.795609e-02	7.920708e-02	1.281598e-01	1.981365e-01	2.893805e-01	4.050286e-01	5.530051e-01	7.449810e-01	9.988339e-01	1.337890e+00	1.717447e+00	1.222205e+00	8.451213e-01	5.922099e-01	4.197892e-01	3.001119e-01	2.158306e-01	1.553853e-01	1.115407e-01	7.976975e-02	5.644422e-02	3.951475e-02	2.722082e-02	1.850110e-02	1.252754e-02	8.717097e-03	6.601064e-03	5.843164e-03	6.226646e-03	7.608888e-03	9.883828e-03	1.285723e-02	1.600665e-02	1.832898e-02	1.858658e-02	1.645579e-02	1.285236e-02
7.200000e+01	 1.731663e-04	7.720815e-04	2.288532e-03	4.794935e-03	8.588012e-03	1.584777e-02	3.167992e-02	5.982922e-02	1.011856e-01	1.538070e-01	2.185781e-01	2.977295e-01	3.969914e-01	5.253757e-01	6.942995e-01	9.196701e-01	1.222205e+00	1.561548e+00	1.118308e+00	7.809252e-01	5.480678e-01	3.905223e-01	2.807042e-01	2.030659e-01	1.473077e-01	1.068214e-01	7.744219e-02	5.584675e-02	4.016163e-02	2.878329e-02	2.072547e-02	1.517955e-02	1.157942e-02	9.493825e-03	8.640364e-03	8.820704e-03	9.878636e-03	1.169464e-02	1.408998e-02	1.661099e-02	1.835670e-02	1.820289e-02	1.587726e-02
7.600000e+01	 -8.411887e-05	1.607116e-04	1.607567e-04	1.918928e-04	2.161650e-03	1.053923e-02	2.822141e-02	5.452438e-02	8.691139e-02	1.246673e-01	1.684370e-01	2.218315e-01	2.888533e-01	3.754234e-01	4.896697e-01	6.415722e-01	8.451213e-01	1.118308e+00	1.427910e+00	1.026893e+00	7.189457e-01	5.096387e-01	3.653456e-01	2.642937e-01	1.926107e-01	1.409666e-01	1.033290e-01	7.595050e-02	5.580512e-02	4.116263e-02	3.050926e-02	2.290084e-02	1.759322e-02	1.408806e-02	1.198723e-02	1.100444e-02	1.093458e-02	1.163151e-02	1.300637e-02	1.490491e-02	1.690161e-02	1.816420e-02	1.768004e-02
8.000000e+01	 -1.234082e-04	-7.418387e-04	-1.896763e-03	-1.957243e-03	3.094888e-03	1.535515e-02	3.341728e-02	5.448887e-02	7.709814e-02	1.016184e-01	1.303046e-01	1.654338e-01	2.109806e-01	2.704173e-01	3.488427e-01	4.532109e-01	5.922099e-01	7.809252e-01	1.026893e+00	1.305709e+00	9.469716e-01	6.674095e-01	4.760741e-01	3.435535e-01	2.502920e-01	1.838210e-01	1.357272e-01	1.005975e-01	7.498233e-02	5.606890e-02	4.225098e-02	3.212274e-02	2.483737e-02	1.970811e-02	1.624644e-02	1.406185e-02	1.288636e-02	1.254894e-02	1.292522e-02	1.392375e-02	1.538882e-02	1.694007e-02	1.781923e-02
8.400000e+01	 -1.088018e-04	-9.765793e-04	-1.142417e-03	2.854073e-03	1.230922e-02	2.544069e-02	3.948589e-02	5.301885e-02	6.640509e-02	8.110827e-02	9.892064e-02	1.223181e-01	1.532168e-01	1.948584e-01	2.500247e-01	3.229538e-01	4.197892e-01	5.480678e-01	7.189457e-01	9.469716e-01	1.202065e+00	8.770610e-01	6.220796e-01	4.466717e-01	3.244770e-01	2.380365e-01	1.762051e-01	1.313009e-01	9.837725e-02	7.426478e-02	5.636364e-02	4.321851e-02	3.353739e-02	2.650979e-02	2.147718e-02	1.798033e-02	1.567480e-02	1.432188e-02	1.375187e-02	1.384048e-02	1.450816e-02	1.562276e-02	1.681770e-02
8.800000e+01	 -2.421274e-05	9.647991e-04	5.176333e-03	1.316174e-02	2.309459e-02	3.249613e-02	4.021994e-02	4.674689e-02	5.330888e-02	6.136962e-02	7.249567e-02	8.803849e-02	1.098630e-01	1.393519e-01	1.790849e-01	2.314178e-01	3.001119e-01	3.905223e-01	5.096387e-01	6.674095e-01	8.770610e-01	1.111189e+00	8.154449e-01	5.820137e-01	4.205386e-01	3.075090e-01	2.271999e-01	1.694810e-01	1.273933e-01	9.638364e-02	7.356618e-02	5.657349e-02	4.401297e-02	3.468692e-02	2.782517e-02	2.283546e-02	1.930317e-02	1.689279e-02	1.537580e-02	1.459991e-02	1.445589e-02	1.486023e-02	1.567929e-02
9.200000e+01	 7.571633e-04	4.636986e-03	1.172718e-02	1.982152e-02	2.643727e-02	3.076401e-02	3.340087e-02	3.542855e-02	3.808116e-02	4.252765e-02	4.974435e-02	6.069820e-02	7.649846e-02	9.832482e-02	1.273472e-01	1.658207e-01	2.158306e-01	2.807042e-01	3.653456e-01	4.760741e-01	6.220796e-01	8.154449e-01	1.031112e+00	7.608162e-01	5.463055e-01	3.971880e-01	2.922720e-01	2.174218e-01	1.633523e-01	1.237623e-01	9.448483e-02	7.283208e-02	5.661642e-02	4.453644e-02	3.548783e-02	2.877598e-02	2.383277e-02	2.026262e-02	1.776101e-02	1.611886e-02	1.518482e-02	1.484642e-02	1.502650e-02
9.600000e+01	 6.201141e-04	4.148618e-03	9.899839e-03	1.508124e-02	1.835142e-02	1.979344e-02	2.022174e-02	2.066604e-02	2.202497e-02	2.505162e-02	3.046973e-02	3.887080e-02	5.097233e-02	6.747013e-02	8.954070e-02	1.181724e-01	1.553853e-01	2.030659e-01	2.642937e-01	3.435535e-01	4.466717e-01	5.820137e-01	7.608162e-01	9.600984e-01	7.120742e-01	5.142538e-01	3.760746e-01	2.784131e-01	2.083999e-01	1.576370e-01	1.203177e-01	9.257698e-02	7.194781e-02	5.640098e-02	4.475917e-02	3.597678e-02	2.940018e-02	2.450293e-02	2.092220e-02	1.836396e-02	1.662154e-02	1.555550e-02	1.505987e-02
1.000000e+02	 -1.287789e-04	-3.652285e-04	-7.567548e-05	1.109263e-03	2.360616e-03	3.269418e-03	3.952551e-03	4.890195e-03	6.625724e-03	9.680168e-03	1.449383e-02	2.156325e-02	3.134575e-02	4.444384e-02	6.149856e-02	8.356393e-02	1.115407e-01	1.473077e-01	1.926107e-01	2.502920e-01	3.244770e-01	4.205386e-01	5.463055e-01	7.120742e-01	8.967002e-01	6.682879e-01	4.852370e-01	3.567831e-01	2.656526e-01	2.000351e-01	1.522373e-01	1.169256e-01	9.055881e-02	7.086287e-02	5.594941e-02	4.470815e-02	3.617884e-02	2.975049e-02	2.492201e-02	2.134574e-02	1.874647e-02	1.693059e-02	1.576787e-02
1.040000e+02	 -4.956298e-04	-3.382132e-03	-8.056859e-03	-1.188133e-02	-1.327573e-02	-1.289680e-02	-1.144472e-02	-9.382224e-03	-6.645721e-03	-3.010719e-03	1.822896e-03	8.207029e-03	1.653877e-02	2.725954e-02	4.091760e-02	5.808246e-02	7.976975e-02	1.068214e-01	1.409666e-01	1.838210e-01	2.380365e-01	3.075090e-01	3.971880e-01	5.142538e-01	6.682879e-01	8.397427e-01	6.286657e-01	4.587872e-01	3.390868e-01	2.537886e-01	1.920851e-01	1.469899e-01	1.135256e-01	8.843234e-02	6.960123e-02	5.527621e-02	4.443283e-02	3.616055e-02	2.988190e-02	2.513006e-02	2.157585e-02	1.895328e-02	1.707299e-02
1.080000e+02	 -3.858456e-04	-2.840651e-03	-8.224708e-03	-1.518007e-02	-2.064026e-02	-2.277113e-02	-2.218321e-02	-1.987011e-02	-1.657373e-02	-1.251178e-02	-7.595378e-03	-1.634352e-03	5.679804e-03	1.469946e-02	2.580865e-02	3.954161e-02	5.644422e-02	7.744219e-02	1.033290e-01	1.357272e-01	1.762051e-01	2.271999e-01	2.922720e-01	3.760746e-01	4.852370e-01	6.286657e-01	7.882153e-01	5.926656e-01	4.345100e-01	3.226919e-01	2.426140e-01	1.845273e-01	1.418803e-01	1.101131e-01	8.620178e-02	6.819068e-02	5.443743e-02	4.397675e-02	3.595617e-02	2.983613e-02	2.516877e-02	2.163986e-02	1.899410e-02
1.120000e+02	 -9.228967e-05	-9.821207e-04	-4.007990e-03	-9.771691e-03	-1.703009e-02	-2.289206e-02	-2.533912e-02	-2.476845e-02	-2.219228e-02	-1.841373e-02	-1.378873e-02	-8.306060e-03	-1.858337e-03	5.792079e-03	1.498170e-02	2.606009e-02	3.951475e-02	5.584675e-02	7.595050e-02	1.005975e-01	1.313009e-01	1.694810e-01	2.174218e-01	2.784131e-01	3.567831e-01	4.587872e-01	5.926656e-01	7.414295e-01	5.597223e-01	4.120715e-01	3.073016e-01	2.320825e-01	1.772652e-01	1.368862e-01	1.067029e-01	8.391261e-02	6.667732e-02	5.346551e-02	4.337731e-02	3.560623e-02	2.963510e-02	2.504653e-02	2.154494e-02
1.160000e+02	 1.683529e-05	5.212962e-05	-3.359776e-04	-2.563444e-03	-7.567451e-03	-1.434920e-02	-2.020213e-02	-2.299697e-02	-2.278288e-02	-2.044172e-02	-1.673783e-02	-1.208937e-02	-6.575587e-03	-1.142219e-04	7.478289e-03	1.648351e-02	2.722082e-02	4.016163e-02	5.580512e-02	7.498233e-02	9.837725e-02	1.273933e-01	1.633523e-01	2.083999e-01	2.656526e-01	3.390868e-01	4.345100e-01	5.597223e-01	6.987858e-01	5.292822e-01	3.912881e-01	2.929411e-01	2.220937e-01	1.703087e-01	1.320325e-01	1.033308e-01	8.158553e-02	6.508716e-02	5.239205e-02	4.265318e-02	3.511302e-02	2.929002e-02	2.479199e-02
1.200000e+02	 5.344342e-05	4.751496e-04	1.242245e-03	1.790825e-03	6.964951e-04	-3.239902e-03	-9.332080e-03	-1.502755e-02	-1.812597e-02	-1.837911e-02	-1.648823e-02	-1.316297e-02	-8.818560e-03	-3.809333e-03	2.624034e-03	9.889560e-03	1.850110e-02	2.878329e-02	4.116263e-02	5.606890e-02	7.426478e-02	9.638364e-02	1.237623e-01	1.576370e-01	2.000351e-01	2.537886e-01	3.226919e-01	4.120715e-01	5.292822e-01	6.596702e-01	5.012740e-01	3.719121e-01	2.794497e-01	2.126330e-01	1.636457e-01	1.273236e-01	1.000067e-01	7.924156e-02	6.342880e-02	5.121902e-02	4.181314e-02	3.450723e-02	2.884155e-02
1.240000e+02	 6.546175e-05	5.037028e-04	1.521964e-03	3.121483e-03	4.612708e-03	4.540415e-03	1.632305e-03	-3.698305e-03	-9.097585e-03	-1.236961e-02	-1.307202e-02	-1.168476e-02	-8.843414e-03	-4.937522e-03	-1.119529e-04	5.658421e-03	1.252754e-02	2.072547e-02	3.050926e-02	4.225098e-02	5.636364e-02	7.356618e-02	9.448483e-02	1.203177e-01	1.522373e-01	1.920851e-01	2.426140e-01	3.073016e-01	3.912881e-01	5.012740e-01	6.236495e-01	4.753660e-01	3.538753e-01	2.667937e-01	2.036702e-01	1.572703e-01	1.227674e-01	9.672796e-02	7.687889e-02	6.171377e-02	4.996895e-02	4.089371e-02	3.381439e-02
1.280000e+02	 5.028318e-05	3.529774e-04	1.290881e-03	2.902389e-03	5.137696e-03	7.371243e-03	8.152534e-03	6.174665e-03	1.627509e-03	-3.398269e-03	-6.722703e-03	-7.760885e-03	-6.842210e-03	-4.502810e-03	-1.077309e-03	3.329114e-03	8.717097e-03	1.517955e-02	2.290084e-02	3.212274e-02	4.321851e-02	5.657349e-02	7.283208e-02	9.257698e-02	1.169256e-01	1.469899e-01	1.845273e-01	2.320825e-01	2.929411e-01	3.719121e-01	4.753660e-01	5.904846e-01	4.513485e-01	3.370457e-01	2.548798e-01	1.951827e-01	1.511581e-01	1.183369e-01	9.343918e-02	7.451418e-02	5.996775e-02	4.866715e-02	3.990833e-02
1.320000e+02	 4.113758e-05	3.037423e-04	9.031346e-04	2.185076e-03	4.234284e-03	6.936657e-03	9.726032e-03	1.120015e-02	1.000146e-02	6.190219e-03	1.606712e-03	-1.673826e-03	-2.962891e-03	-2.434653e-03	-4.886233e-04	2.568829e-03	6.601064e-03	1.157942e-02	1.759322e-02	2.483737e-02	3.353739e-02	4.401297e-02	5.661642e-02	7.194781e-02	9.055881e-02	1.135256e-01	1.418803e-01	1.772652e-01	2.220937e-01	2.794497e-01	3.538753e-01	4.513485e-01	5.598383e-01	4.290271e-01	3.213048e-01	2.436704e-01	1.871129e-01	1.452474e-01	1.140410e-01	9.033768e-02	7.215952e-02	5.820360e-02	4.733884e-02
1.360000e+02	 1.001092e-05	1.457141e-04	6.063385e-04	1.489224e-03	3.025909e-03	5.374623e-03	8.398118e-03	1.155071e-02	1.354442e-02	1.301276e-02	9.858725e-03	5.710514e-03	2.548768e-03	1.165910e-03	1.481008e-03	3.135003e-03	5.843164e-03	9.493825e-03	1.408806e-02	1.970811e-02	2.650979e-02	3.468692e-02	4.453644e-02	5.640098e-02	7.086287e-02	8.843234e-02	1.101131e-01	1.368862e-01	1.703087e-01	2.126330e-01	2.667937e-01	3.370457e-01	4.290271e-01	5.314213e-01	4.082402e-01	3.065456e-01	2.330206e-01	1.794353e-01	1.396882e-01	1.098898e-01	8.723975e-02	6.984778e-02	5.646179e-02
1.400000e+02	 1.300113e-05	1.079691e-04	3.737877e-04	9.633932e-04	2.029976e-03	3.743807e-03	6.239153e-03	9.451783e-03	1.284977e-02	1.521090e-02	1.519504e-02	1.262262e-02	8.965784e-03	6.064073e-03	4.695391e-03	4.841119e-03	6.226646e-03	8.640364e-03	1.198723e-02	1.624644e-02	2.147718e-02	2.782517e-02	3.548783e-02	4.475917e-02	5.594941e-02	6.960123e-02	8.620178e-02	1.067029e-01	1.320325e-01	1.636457e-01	2.036702e-01	2.548798e-01	3.213048e-01	4.082402e-01	5.050911e-01	3.888122e-01	2.927056e-01	2.231040e-01	1.721357e-01	1.343020e-01	1.058870e-01	8.424983e-02	6.759127e-02
1.440000e+02	 7.857504e-06	8.094498e-05	2.419697e-04	6.208931e-04	1.312622e-03	2.455601e-03	4.260200e-03	6.835569e-03	1.011984e-02	1.363042e-02	1.624563e-02	1.670524e-02	1.472928e-02	1.156730e-02	8.914892e-03	7.569624e-03	7.608888e-03	8.820704e-03	1.100444e-02	1.406185e-02	1.798033e-02	2.283546e-02	2.877598e-02	3.597678e-02	4.470815e-02	5.527621e-02	6.819068e-02	8.391261e-02	1.033308e-01	1.273236e-01	1.572703e-01	1.951827e-01	2.436704e-01	3.065456e-01	3.888122e-01	4.805914e-01	3.707454e-01	2.797003e-01	2.136429e-01	1.651999e-01	1.291678e-01	1.020549e-01	8.134713e-02
1.480000e+02	 3.233043e-07	2.782106e-05	1.733119e-04	4.006517e-04	8.155184e-04	1.567245e-03	2.756692e-03	4.572012e-03	7.134282e-03	1.041921e-02	1.403392e-02	1.690546e-02	1.777331e-02	1.627598e-02	1.353010e-02	1.113314e-02	9.883828e-03	9.878636e-03	1.093458e-02	1.288636e-02	1.567480e-02	1.930317e-02	2.383277e-02	2.940018e-02	3.617884e-02	4.443283e-02	5.443743e-02	6.667732e-02	8.158553e-02	1.000067e-01	1.227674e-01	1.511581e-01	1.871129e-01	2.330206e-01	2.927056e-01	3.707454e-01	4.577082e-01	3.537907e-01	2.674704e-01	2.047341e-01	1.586400e-01	1.242703e-01	9.834561e-02
1.520000e+02	 1.916191e-05	5.169828e-05	8.862521e-05	2.343391e-04	5.123929e-04	9.605126e-04	1.712555e-03	2.879655e-03	4.667366e-03	7.244287e-03	1.057289e-02	1.425049e-02	1.725860e-02	1.840451e-02	1.731938e-02	1.498269e-02	1.285723e-02	1.169464e-02	1.163151e-02	1.254894e-02	1.432188e-02	1.689279e-02	2.026262e-02	2.450293e-02	2.975049e-02	3.616055e-02	4.397675e-02	5.346551e-02	6.508716e-02	7.924156e-02	9.672796e-02	1.183369e-01	1.452474e-01	1.794353e-01	2.231040e-01	2.797003e-01	3.537907e-01	4.363887e-01	3.379274e-01	2.559766e-01	1.963107e-01	1.523843e-01	1.195691e-01
1.560000e+02	 -1.508526e-05	-9.476156e-06	4.483031e-05	1.323725e-04	2.918692e-04	5.629822e-04	9.900296e-04	1.725261e-03	2.921653e-03	4.745561e-03	7.315174e-03	1.059525e-02	1.423683e-02	1.732816e-02	1.872588e-02	1.800455e-02	1.600665e-02	1.408998e-02	1.300637e-02	1.292522e-02	1.375187e-02	1.537580e-02	1.776101e-02	2.092220e-02	2.492201e-02	2.988190e-02	3.595617e-02	4.337731e-02	5.239205e-02	6.342880e-02	7.687889e-02	9.343918e-02	1.140410e-01	1.396882e-01	1.721357e-01	2.136429e-01	2.674704e-01	3.379274e-01	4.164625e-01	3.230545e-01	2.451465e-01	1.883202e-01	1.464239e-01
1.600000e+02	 5.540013e-06	8.031477e-06	2.176982e-05	6.610343e-05	1.367293e-04	2.679691e-04	5.286163e-04	1.001774e-03	1.791904e-03	2.999118e-03	4.774221e-03	7.259391e-03	1.046844e-02	1.408519e-02	1.722872e-02	1.879023e-02	1.832898e-02	1.661099e-02	1.490491e-02	1.392375e-02	1.384048e-02	1.459991e-02	1.611886e-02	1.836396e-02	2.134574e-02	2.513006e-02	2.983613e-02	3.560623e-02	4.265318e-02	5.121902e-02	6.171377e-02	7.451418e-02	9.033768e-02	1.098898e-01	1.343020e-01	1.651999e-01	2.047341e-01	2.559766e-01	3.230545e-01	3.978352e-01	3.090750e-01	2.349500e-01	1.807725e-01
1.640000e+02	 1.241586e-06	1.835215e-05	1.722804e-05	8.196935e-06	2.216216e-05	8.726968e-05	2.708470e-04	5.947099e-04	1.088877e-03	1.846247e-03	2.994068e-03	4.712808e-03	7.143763e-03	1.027948e-02	1.381122e-02	1.692451e-02	1.858658e-02	1.835670e-02	1.690161e-02	1.538882e-02	1.450816e-02	1.445589e-02	1.518482e-02	1.662154e-02	1.874647e-02	2.157585e-02	2.516877e-02	2.963510e-02	3.511302e-02	4.181314e-02	4.996895e-02	5.996775e-02	7.215952e-02	8.723975e-02	1.058870e-01	1.291678e-01	1.586400e-01	1.963107e-01	2.451465e-01	3.090750e-01	3.803706e-01	2.959300e-01	2.252806e-01
1.680000e+02	 -5.745648e-06	-1.748070e-05	-1.665831e-05	-3.166500e-05	-3.528085e-05	3.770730e-05	1.659245e-04	3.649192e-04	6.577451e-04	1.105439e-03	1.835121e-03	2.962703e-03	4.632887e-03	6.963121e-03	9.962801e-03	1.337758e-02	1.645579e-02	1.820289e-02	1.816420e-02	1.694007e-02	1.562276e-02	1.486023e-02	1.484642e-02	1.555550e-02	1.693059e-02	1.895328e-02	2.163986e-02	2.504653e-02	2.929002e-02	3.450723e-02	4.089371e-02	4.866715e-02	5.820360e-02	6.984778e-02	8.424983e-02	1.020549e-01	1.242703e-01	1.523843e-01	1.883202e-01	2.349500e-01	2.959300e-01	3.639924e-01	2.835468e-01
1.720000e+02	 4.889305e-06	-1.059180e-05	-4.677022e-05	-4.238484e-05	8.049111e-06	6.257539e-05	1.400129e-04	2.312359e-04	3.849677e-04	6.944555e-04	1.117822e-03	1.824695e-03	2.888383e-03	4.452760e-03	6.662300e-03	9.543718e-03	1.285236e-02	1.587726e-02	1.768004e-02	1.781923e-02	1.681770e-02	1.567929e-02	1.502650e-02	1.505987e-02	1.576787e-02	1.707299e-02	1.899410e-02	2.154494e-02	2.479199e-02	2.884155e-02	3.381439e-02	3.990833e-02	4.733884e-02	5.646179e-02	6.759127e-02	8.134713e-02	9.834561e-02	1.195691e-01	1.464239e-01	1.807725e-01	2.252806e-01	2.835468e-01	3.485588e-01
