Omm=0.3111	 Omb=0.0490	 h=0.677	 ns=0.9665	 Acamb=2.105e-09
z=0.0000	 D1=0.786	 D10=0.786	 f=0.5234	 r=0.00 Mpc/h
Mixed variance for the monopole, with coefficient set to 1
0.000000e+00	 4.000000e+00	8.000000e+00	1.200000e+01	1.600000e+01	2.000000e+01	2.400000e+01	2.800000e+01	3.200000e+01	3.600000e+01	4.000000e+01	4.400000e+01	4.800000e+01	5.200000e+01	5.600000e+01	6.000000e+01	6.400000e+01	6.800000e+01	7.200000e+01	7.600000e+01	8.000000e+01	8.400000e+01	8.800000e+01	9.200000e+01	9.600000e+01	1.000000e+02	1.040000e+02	1.080000e+02	1.120000e+02	1.160000e+02	1.200000e+02	1.240000e+02	1.280000e+02	1.320000e+02	1.360000e+02	1.400000e+02	1.440000e+02	1.480000e+02	1.520000e+02	1.560000e+02	1.600000e+02	1.640000e+02	1.680000e+02	1.720000e+02
4.000000e+00	 5.065468e+00	2.084521e+00	1.061508e+00	6.157749e-01	3.860657e-01	2.552191e-01	1.756535e-01	1.241831e-01	8.974278e-02	6.605803e-02	4.924567e-02	3.715157e-02	2.823419e-02	2.158542e-02	1.655162e-02	1.269553e-02	9.677584e-03	7.276916e-03	5.343759e-03	3.836488e-03	2.928370e-03	2.975663e-03	4.183827e-03	5.903430e-03	6.848427e-03	6.336144e-03	4.761332e-03	2.928836e-03	1.363942e-03	2.216083e-04	-5.287142e-04	-9.855426e-04	-1.240060e-03	-1.366801e-03	-1.410293e-03	-1.403794e-03	-1.367869e-03	-1.313951e-03	-1.253708e-03	-1.192342e-03	-1.127727e-03	-1.065349e-03	-1.007329e-03
8.000000e+00	 2.084521e+00	2.062501e+00	1.105253e+00	6.393511e-01	3.994409e-01	2.633199e-01	1.803336e-01	1.273462e-01	9.188725e-02	6.746755e-02	5.028738e-02	3.786674e-02	2.876939e-02	2.197666e-02	1.684410e-02	1.289960e-02	9.827373e-03	7.390489e-03	5.466289e-03	4.075875e-03	3.385986e-03	3.584834e-03	4.504312e-03	5.575850e-03	6.129184e-03	5.764903e-03	4.569340e-03	3.001920e-03	1.528531e-03	3.861199e-04	-4.014120e-04	-8.954573e-04	-1.180943e-03	-1.327708e-03	-1.384987e-03	-1.388462e-03	-1.357663e-03	-1.309826e-03	-1.251663e-03	-1.189378e-03	-1.127938e-03	-1.066379e-03	-1.005513e-03
1.200000e+01	 1.061508e+00	1.105253e+00	1.131037e+00	6.802889e-01	4.229467e-01	2.771417e-01	1.889370e-01	1.327321e-01	9.551180e-02	6.999664e-02	5.201469e-02	3.912663e-02	2.966725e-02	2.264541e-02	1.732979e-02	1.325653e-02	1.008456e-02	7.607926e-03	5.745957e-03	4.553126e-03	4.115300e-03	4.302058e-03	4.767305e-03	5.165333e-03	5.280046e-03	4.980458e-03	4.189175e-03	3.016524e-03	1.743892e-03	6.346561e-04	-1.908943e-04	-7.424838e-04	-1.077500e-03	-1.259568e-03	-1.341836e-03	-1.359926e-03	-1.341147e-03	-1.299421e-03	-1.245872e-03	-1.186878e-03	-1.125746e-03	-1.064756e-03	-1.002101e-03
1.600000e+01	 6.157749e-01	6.393511e-01	6.802889e-01	7.131244e-01	4.578295e-01	2.980070e-01	2.017627e-01	1.409097e-01	1.008666e-01	7.364483e-02	5.458894e-02	4.093060e-02	3.099263e-02	2.359914e-02	1.803530e-02	1.377124e-02	1.048580e-02	7.997481e-03	6.267149e-03	5.297202e-03	4.939427e-03	4.891756e-03	4.876933e-03	4.765838e-03	4.539271e-03	4.188067e-03	3.658650e-03	2.883322e-03	1.912495e-03	9.233106e-04	8.642203e-05	-5.243352e-04	-9.229297e-04	-1.156454e-03	-1.274340e-03	-1.318011e-03	-1.314683e-03	-1.283761e-03	-1.236949e-03	-1.181729e-03	-1.122423e-03	-1.060526e-03	-9.976373e-04
2.000000e+01	 3.860657e-01	3.994409e-01	4.229467e-01	4.578295e-01	4.887026e-01	3.272562e-01	2.198235e-01	1.523496e-01	1.083540e-01	7.866696e-02	5.807741e-02	4.342102e-02	3.276199e-02	2.489635e-02	1.897482e-02	1.448418e-02	1.109229e-02	8.650181e-03	7.074168e-03	6.180506e-03	5.666495e-03	5.269738e-03	4.861234e-03	4.422205e-03	3.976333e-03	3.542835e-03	3.104903e-03	2.596977e-03	1.944770e-03	1.169646e-03	3.964029e-04	-2.488585e-04	-7.134904e-04	-1.010357e-03	-1.178202e-03	-1.256149e-03	-1.275864e-03	-1.259798e-03	-1.222742e-03	-1.172966e-03	-1.115961e-03	-1.054900e-03	-9.933261e-04
2.400000e+01	 2.552191e-01	2.633199e-01	2.771417e-01	2.980070e-01	3.272562e-01	3.544244e-01	2.443709e-01	1.679444e-01	1.184342e-01	8.540622e-02	6.267353e-02	4.665188e-02	3.508036e-02	2.655508e-02	2.021699e-02	1.546444e-02	1.200323e-02	9.621433e-03	8.072381e-03	7.025729e-03	6.212719e-03	5.481347e-03	4.794581e-03	4.156798e-03	3.582109e-03	3.080986e-03	2.648137e-03	2.251397e-03	1.822844e-03	1.292479e-03	6.716020e-04	5.640978e-05	-4.532993e-04	-8.167793e-04	-1.045063e-03	-1.169141e-03	-1.220302e-03	-1.225283e-03	-1.201016e-03	-1.158914e-03	-1.105946e-03	-1.048282e-03	-9.897057e-04
2.800000e+01	 1.756535e-01	1.803336e-01	1.889370e-01	2.017627e-01	2.198235e-01	2.443709e-01	2.678725e-01	1.886620e-01	1.318855e-01	9.428137e-02	6.869207e-02	5.080140e-02	3.802530e-02	2.870189e-02	2.183263e-02	1.683009e-02	1.328385e-02	1.084186e-02	9.100003e-03	7.749625e-03	6.610732e-03	5.615485e-03	4.739407e-03	3.978016e-03	3.327253e-03	2.779047e-03	2.326621e-03	1.952233e-03	1.619956e-03	1.269673e-03	8.388936e-04	3.347420e-04	-1.647975e-04	-5.775070e-04	-8.688785e-04	-1.048622e-03	-1.141893e-03	-1.175059e-03	-1.168709e-03	-1.137399e-03	-1.092400e-03	-1.040456e-03	-9.855873e-04
3.200000e+01	 1.241831e-01	1.273462e-01	1.327321e-01	1.409097e-01	1.523496e-01	1.679444e-01	1.886620e-01	2.089697e-01	1.495663e-01	1.059127e-01	7.649002e-02	5.615522e-02	4.177321e-02	3.144548e-02	2.398692e-02	1.866075e-02	1.490106e-02	1.216631e-02	1.007044e-02	8.367438e-03	6.946018e-03	5.746433e-03	4.736011e-03	3.889096e-03	3.183814e-03	2.602226e-03	2.126801e-03	1.742695e-03	1.431552e-03	1.159472e-03	8.738282e-04	5.195006e-04	1.033512e-04	-3.100138e-04	-6.508734e-04	-8.895761e-04	-1.033546e-03	-1.103441e-03	-1.121812e-03	-1.107668e-03	-1.074069e-03	-1.029831e-03	-9.796001e-04
3.600000e+01	 8.974278e-02	9.188725e-02	9.551180e-02	1.008666e-01	1.083540e-01	1.184342e-01	1.318855e-01	1.495663e-01	1.671714e-01	1.211189e-01	8.661893e-02	6.303312e-02	4.659754e-02	3.500044e-02	2.680075e-02	2.097281e-02	1.672980e-02	1.352707e-02	1.099719e-02	8.959861e-03	7.293221e-03	5.927492e-03	4.806677e-03	3.888446e-03	3.137027e-03	2.522905e-03	2.025635e-03	1.622452e-03	1.301787e-03	1.045157e-03	8.221603e-04	5.868479e-04	2.925549e-04	-5.722669e-05	-4.052094e-04	-6.910906e-04	-8.885304e-04	-1.003991e-03	-1.056540e-03	-1.066190e-03	-1.048634e-03	-1.014242e-03	-9.705484e-04
4.000000e+01	 6.605803e-02	6.746755e-02	6.999664e-02	7.364483e-02	7.866696e-02	8.540622e-02	9.428137e-02	1.059127e-01	1.211189e-01	1.364074e-01	9.978641e-02	7.196819e-02	5.286811e-02	3.963032e-02	3.031513e-02	2.368152e-02	1.873417e-02	1.493522e-02	1.196555e-02	9.600696e-03	7.711505e-03	6.190986e-03	4.965702e-03	3.975262e-03	3.174141e-03	2.524660e-03	1.999418e-03	1.576093e-03	1.237610e-03	9.695928e-04	7.564233e-04	5.722857e-04	3.764095e-04	1.281525e-04	-1.690856e-04	-4.648322e-04	-7.063679e-04	-8.718039e-04	-9.670670e-04	-1.008325e-03	-1.012016e-03	-9.917221e-04	-9.574031e-04
4.400000e+01	 4.924567e-02	5.028738e-02	5.201469e-02	5.458894e-02	5.807741e-02	6.267353e-02	6.869207e-02	7.649002e-02	8.661893e-02	9.978641e-02	1.132470e-01	8.364853e-02	6.106867e-02	4.552329e-02	3.466427e-02	2.679761e-02	2.095191e-02	1.649918e-02	1.305132e-02	1.036358e-02	8.241275e-03	6.561436e-03	5.221815e-03	4.150348e-03	3.290099e-03	2.597749e-03	2.039682e-03	1.590220e-03	1.230117e-03	9.430854e-04	7.173616e-04	5.388910e-04	3.851114e-04	2.207118e-04	1.005321e-05	-2.439806e-04	-4.980573e-04	-7.061729e-04	-8.479670e-04	-9.278851e-04	-9.598842e-04	-9.593490e-04	-9.386836e-04
4.800000e+01	 3.715157e-02	3.786674e-02	3.912663e-02	4.093060e-02	4.342102e-02	4.665188e-02	5.080140e-02	5.615522e-02	6.303312e-02	7.196819e-02	8.364853e-02	9.582028e-02	7.166416e-02	5.300063e-02	3.988670e-02	3.046023e-02	2.352093e-02	1.830267e-02	1.435687e-02	1.129420e-02	8.922088e-03	7.056238e-03	5.585337e-03	4.415956e-03	3.483858e-03	2.737517e-03	2.138991e-03	1.657504e-03	1.270697e-03	9.616715e-04	7.159735e-04	5.242218e-04	3.737701e-04	2.453425e-04	1.074022e-04	-7.297562e-05	-2.937807e-04	-5.158412e-04	-6.971447e-04	-8.195089e-04	-8.873568e-04	-9.135136e-04	-9.110814e-04
5.200000e+01	 2.823419e-02	2.876939e-02	2.966725e-02	3.099263e-02	3.276199e-02	3.508036e-02	3.802530e-02	4.177321e-02	4.659754e-02	5.286811e-02	6.106867e-02	7.166416e-02	8.265729e-02	6.235402e-02	4.632272e-02	3.490942e-02	2.662276e-02	2.053373e-02	1.595490e-02	1.246860e-02	9.781734e-03	7.699457e-03	6.065021e-03	4.778692e-03	3.757258e-03	2.944599e-03	2.293961e-03	1.772940e-03	1.354116e-03	1.018989e-03	7.515067e-04	5.402838e-04	3.766843e-04	2.501871e-04	1.422052e-04	2.411964e-05	-1.330797e-04	-3.269894e-04	-5.222932e-04	-6.818684e-04	-7.895483e-04	-8.488417e-04	-8.705647e-04
5.600000e+01	 2.158542e-02	2.197666e-02	2.264541e-02	2.359914e-02	2.489635e-02	2.655508e-02	2.870189e-02	3.144548e-02	3.500044e-02	3.963032e-02	4.552329e-02	5.300063e-02	6.235402e-02	7.192644e-02	5.442989e-02	4.048613e-02	3.053872e-02	2.329886e-02	1.794422e-02	1.392881e-02	1.086890e-02	8.510007e-03	6.681672e-03	5.246409e-03	4.117438e-03	3.220557e-03	2.506625e-03	1.935949e-03	1.479135e-03	1.112746e-03	8.196796e-04	5.873524e-04	4.054554e-04	2.651331e-04	1.566657e-04	6.392291e-05	-3.824078e-05	-1.759264e-04	-3.476833e-04	-5.219320e-04	-6.645794e-04	-7.603533e-04	-8.119815e-04
6.000000e+01	 1.655162e-02	1.684410e-02	1.732979e-02	1.803530e-02	1.897482e-02	2.021699e-02	2.183263e-02	2.398692e-02	2.680075e-02	3.031513e-02	3.466427e-02	3.988670e-02	4.632272e-02	5.442989e-02	6.281942e-02	4.765373e-02	3.551280e-02	2.680069e-02	2.045735e-02	1.575582e-02	1.222485e-02	9.529352e-03	7.450494e-03	5.837825e-03	4.570366e-03	3.572622e-03	2.780344e-03	2.149375e-03	1.644987e-03	1.241883e-03	9.196545e-04	6.631323e-04	4.600787e-04	3.009716e-04	1.785116e-04	8.458069e-05	4.750885e-06	-8.439923e-05	-2.069547e-04	-3.612416e-04	-5.179461e-04	-6.457354e-04	-7.308246e-04
6.400000e+01	 1.269553e-02	1.289960e-02	1.325653e-02	1.377124e-02	1.448418e-02	1.546444e-02	1.683009e-02	1.866075e-02	2.097281e-02	2.368152e-02	2.679761e-02	3.046023e-02	3.490942e-02	4.048613e-02	4.765373e-02	5.515892e-02	4.193200e-02	3.130091e-02	2.365102e-02	1.806430e-02	1.391831e-02	1.079576e-02	8.410725e-03	6.566708e-03	5.134570e-03	4.009079e-03	3.121667e-03	2.416571e-03	1.855716e-03	1.408185e-03	1.051271e-03	7.661163e-04	5.387844e-04	3.589186e-04	2.185782e-04	1.113462e-04	2.934260e-05	-4.085315e-05	-1.202313e-04	-2.302037e-04	-3.690244e-04	-5.101109e-04	-6.252357e-04
6.800000e+01	 9.677584e-03	9.827373e-03	1.008456e-02	1.048580e-02	1.109229e-02	1.200323e-02	1.328385e-02	1.490106e-02	1.672980e-02	1.873417e-02	2.095191e-02	2.352093e-02	2.662276e-02	3.053872e-02	3.551280e-02	4.193200e-02	4.872088e-02	3.712007e-02	2.775715e-02	2.099881e-02	1.605091e-02	1.237033e-02	9.594121e-03	7.468304e-03	5.824197e-03	4.545400e-03	3.538863e-03	2.745456e-03	2.115544e-03	1.614972e-03	1.215412e-03	8.963403e-04	6.412435e-04	4.383886e-04	2.784398e-04	1.537605e-04	5.828127e-05	-1.477532e-05	-7.707769e-05	-1.475719e-04	-2.462239e-04	-3.717476e-04	-4.997086e-04
7.200000e+01	 7.276916e-03	7.390489e-03	7.607926e-03	7.997481e-03	8.650181e-03	9.621433e-03	1.084186e-02	1.216631e-02	1.352707e-02	1.493522e-02	1.649918e-02	1.830267e-02	2.053373e-02	2.329886e-02	2.680069e-02	3.130091e-02	3.712007e-02	4.330558e-02	3.306590e-02	2.476429e-02	1.875601e-02	1.434652e-02	1.105951e-02	8.575670e-03	6.672562e-03	5.196589e-03	4.048067e-03	3.144250e-03	2.431862e-03	1.865876e-03	1.415419e-03	1.055646e-03	7.685944e-04	5.394620e-04	3.572755e-04	2.132659e-04	1.008780e-04	1.519686e-05	-4.967317e-05	-1.047063e-04	-1.676172e-04	-2.566598e-04	-3.705129e-04
7.600000e+01	 5.343759e-03	5.466289e-03	5.745957e-03	6.267149e-03	7.074168e-03	8.072381e-03	9.100003e-03	1.007044e-02	1.099719e-02	1.196555e-02	1.305132e-02	1.435687e-02	1.595490e-02	1.794422e-02	2.045735e-02	2.365102e-02	2.775715e-02	3.306590e-02	3.872398e-02	2.962748e-02	2.222089e-02	1.684701e-02	1.289462e-02	9.943130e-03	7.708611e-03	5.993399e-03	4.663406e-03	3.627858e-03	2.811797e-03	2.167811e-03	1.655603e-03	1.247888e-03	9.225880e-04	6.628503e-04	4.552028e-04	2.897243e-04	1.592216e-04	5.797545e-05	-1.875189e-05	-7.660926e-05	-1.255638e-04	-1.817666e-04	-2.622779e-04
8.000000e+01	 3.836488e-03	4.075875e-03	4.553126e-03	5.297202e-03	6.180506e-03	7.025729e-03	7.749625e-03	8.367438e-03	8.959861e-03	9.600696e-03	1.036358e-02	1.129420e-02	1.246860e-02	1.392881e-02	1.575582e-02	1.806430e-02	2.099881e-02	2.476429e-02	2.962748e-02	3.483692e-02	2.669249e-02	2.004533e-02	1.521134e-02	1.164947e-02	8.984612e-03	6.965215e-03	5.413810e-03	4.208844e-03	3.269342e-03	2.528030e-03	1.942603e-03	1.477368e-03	1.106677e-03	8.102708e-04	5.733110e-04	3.839516e-04	2.335709e-04	1.153247e-04	2.372065e-05	-4.539486e-05	-9.703901e-05	-1.405362e-04	-1.911270e-04
8.400000e+01	 2.928370e-03	3.385986e-03	4.115300e-03	4.939427e-03	5.666495e-03	6.212719e-03	6.610732e-03	6.946018e-03	7.293221e-03	7.711505e-03	8.241275e-03	8.922088e-03	9.781734e-03	1.086890e-02	1.222485e-02	1.391831e-02	1.605091e-02	1.875601e-02	2.222089e-02	2.669249e-02	3.148633e-02	2.416961e-02	1.817147e-02	1.380069e-02	1.057547e-02	8.159252e-03	6.325431e-03	4.914117e-03	3.816859e-03	2.960226e-03	2.284541e-03	1.750344e-03	1.324732e-03	9.853677e-04	7.139060e-04	4.972927e-04	3.245295e-04	1.873310e-04	7.963506e-05	-3.388898e-06	-6.568787e-05	-1.121218e-04	-1.512604e-04
8.800000e+01	 2.975663e-03	3.584834e-03	4.302058e-03	4.891756e-03	5.269738e-03	5.481347e-03	5.615485e-03	5.746433e-03	5.927492e-03	6.190986e-03	6.561436e-03	7.056238e-03	7.699457e-03	8.510007e-03	9.529352e-03	1.079576e-02	1.237033e-02	1.434652e-02	1.684701e-02	2.004533e-02	2.416961e-02	2.859840e-02	2.198581e-02	1.654712e-02	1.257825e-02	9.644791e-03	7.442572e-03	5.769587e-03	4.480210e-03	3.477014e-03	2.693220e-03	2.073412e-03	1.583181e-03	1.192205e-03	8.807272e-04	6.318534e-04	4.331854e-04	2.748034e-04	1.493488e-04	5.111393e-05	-2.457347e-05	-8.128234e-05	-1.233369e-04
9.200000e+01	 4.183827e-03	4.504312e-03	4.767305e-03	4.876933e-03	4.861234e-03	4.794581e-03	4.739407e-03	4.736011e-03	4.806677e-03	4.965702e-03	5.221815e-03	5.585337e-03	6.065021e-03	6.681672e-03	7.450494e-03	8.410725e-03	9.594121e-03	1.105951e-02	1.289462e-02	1.521134e-02	1.817147e-02	2.198581e-02	2.609074e-02	2.008552e-02	1.513273e-02	1.151234e-02	8.831809e-03	6.816489e-03	5.283952e-03	4.101703e-03	3.180145e-03	2.459095e-03	1.888606e-03	1.437311e-03	1.077606e-03	7.908330e-04	5.617028e-04	3.790215e-04	2.335443e-04	1.182841e-04	2.802751e-05	-4.135433e-05	-9.322719e-05
9.600000e+01	 5.903430e-03	5.575850e-03	5.165333e-03	4.765838e-03	4.422205e-03	4.156798e-03	3.978016e-03	3.889096e-03	3.888446e-03	3.975262e-03	4.150348e-03	4.415956e-03	4.778692e-03	5.246409e-03	5.837825e-03	6.566708e-03	7.468304e-03	8.575670e-03	9.943130e-03	1.164947e-02	1.380069e-02	1.654712e-02	2.008552e-02	2.390030e-02	1.842294e-02	1.389237e-02	1.057594e-02	8.117001e-03	6.266731e-03	4.856795e-03	3.767739e-03	2.918189e-03	2.253210e-03	1.726890e-03	1.310268e-03	9.780365e-04	7.133566e-04	5.019345e-04	3.332781e-04	1.989052e-04	9.251499e-05	9.258196e-06	-5.477436e-05
1.000000e+02	 6.848427e-03	6.129184e-03	5.280046e-03	4.539271e-03	3.976333e-03	3.582109e-03	3.327253e-03	3.183814e-03	3.137027e-03	3.174141e-03	3.290099e-03	3.483858e-03	3.757258e-03	4.117438e-03	4.570366e-03	5.134570e-03	5.824197e-03	6.672562e-03	7.708611e-03	8.984612e-03	1.057547e-02	1.257825e-02	1.513273e-02	1.842294e-02	2.197519e-02	1.695742e-02	1.279841e-02	9.749568e-03	7.485813e-03	5.779386e-03	4.478113e-03	3.472496e-03	2.687093e-03	2.072037e-03	1.584833e-03	1.199230e-03	8.916918e-04	6.464674e-04	4.504820e-04	2.941632e-04	1.696098e-04	7.091049e-05	-6.310671e-06
1.040000e+02	 6.336144e-03	5.764903e-03	4.980458e-03	4.188067e-03	3.542835e-03	3.080986e-03	2.779047e-03	2.602226e-03	2.522905e-03	2.524660e-03	2.597749e-03	2.737517e-03	2.944599e-03	3.220557e-03	3.572622e-03	4.009079e-03	4.545400e-03	5.196589e-03	5.993399e-03	6.965215e-03	8.159252e-03	9.644791e-03	1.151234e-02	1.389237e-02	1.695742e-02	2.027269e-02	1.566028e-02	1.182907e-02	9.015454e-03	6.924187e-03	5.346472e-03	4.142301e-03	3.210436e-03	2.482357e-03	1.911938e-03	1.459928e-03	1.101813e-03	8.160548e-04	5.881321e-04	4.058878e-04	2.604010e-04	1.444408e-04	5.267666e-05
1.080000e+02	 4.761332e-03	4.569340e-03	4.189175e-03	3.658650e-03	3.104903e-03	2.648137e-03	2.326621e-03	2.126801e-03	2.025635e-03	1.999418e-03	2.039682e-03	2.138991e-03	2.293961e-03	2.506625e-03	2.780344e-03	3.121667e-03	3.538863e-03	4.048067e-03	4.663406e-03	5.413810e-03	6.325431e-03	7.442572e-03	8.831809e-03	1.057594e-02	1.279841e-02	1.566028e-02	1.876168e-02	1.450585e-02	1.096530e-02	8.361509e-03	6.423870e-03	4.960618e-03	3.842685e-03	2.977396e-03	2.300705e-03	1.770121e-03	1.349278e-03	1.015752e-03	7.494511e-04	5.368370e-04	3.667922e-04	2.310663e-04	1.230545e-04
1.120000e+02	 2.928836e-03	3.001920e-03	3.016524e-03	2.883322e-03	2.596977e-03	2.251397e-03	1.952233e-03	1.742695e-03	1.622452e-03	1.576093e-03	1.590220e-03	1.657504e-03	1.772940e-03	1.935949e-03	2.149375e-03	2.416571e-03	2.745456e-03	3.144250e-03	3.627858e-03	4.208844e-03	4.914117e-03	5.769587e-03	6.816489e-03	8.117001e-03	9.749568e-03	1.182907e-02	1.450585e-02	1.741259e-02	1.347320e-02	1.019200e-02	7.775673e-03	5.975694e-03	4.615380e-03	3.575347e-03	2.769306e-03	2.138521e-03	1.643625e-03	1.250774e-03	9.391647e-04	6.902229e-04	4.914929e-04	3.326040e-04	2.058998e-04
1.160000e+02	 1.363942e-03	1.528531e-03	1.743892e-03	1.912495e-03	1.944770e-03	1.822844e-03	1.619956e-03	1.431552e-03	1.301787e-03	1.237610e-03	1.230117e-03	1.270697e-03	1.354116e-03	1.479135e-03	1.644987e-03	1.855716e-03	2.115544e-03	2.431862e-03	2.811797e-03	3.269342e-03	3.816859e-03	4.480210e-03	5.283952e-03	6.266731e-03	7.485813e-03	9.015454e-03	1.096530e-02	1.347320e-02	1.620307e-02	1.254984e-02	9.497890e-03	7.249832e-03	5.573717e-03	4.305543e-03	3.335157e-03	2.582471e-03	1.992815e-03	1.530112e-03	1.162449e-03	8.707299e-04	6.376815e-04	4.516418e-04	3.028441e-04
1.200000e+02	 2.216083e-04	3.861199e-04	6.346561e-04	9.233106e-04	1.169646e-03	1.292479e-03	1.269673e-03	1.159472e-03	1.045157e-03	9.695928e-04	9.430854e-04	9.616715e-04	1.018989e-03	1.112746e-03	1.241883e-03	1.408185e-03	1.614972e-03	1.865876e-03	2.167811e-03	2.528030e-03	2.960226e-03	3.477014e-03	4.101703e-03	4.856795e-03	5.779386e-03	6.924187e-03	8.361509e-03	1.019200e-02	1.254984e-02	1.511502e-02	1.171721e-02	8.873450e-03	6.776394e-03	5.211253e-03	4.026226e-03	3.118612e-03	2.414005e-03	1.861735e-03	1.427949e-03	1.082753e-03	8.096778e-04	5.910239e-04	4.163627e-04
1.240000e+02	 -5.287142e-04	-4.014120e-04	-1.908943e-04	8.642203e-05	3.964029e-04	6.716020e-04	8.388936e-04	8.738282e-04	8.221603e-04	7.564233e-04	7.173616e-04	7.159735e-04	7.515067e-04	8.196796e-04	9.196545e-04	1.051271e-03	1.215412e-03	1.415419e-03	1.655603e-03	1.942603e-03	2.284541e-03	2.693220e-03	3.180145e-03	3.767739e-03	4.478113e-03	5.346472e-03	6.423870e-03	7.775673e-03	9.497890e-03	1.171721e-02	1.413539e-02	1.096515e-02	8.308940e-03	6.347928e-03	4.883313e-03	3.773291e-03	2.922401e-03	2.261513e-03	1.743209e-03	1.335895e-03	1.012123e-03	7.549234e-04	5.493898e-04
1.280000e+02	 -9.855426e-04	-8.954573e-04	-7.424838e-04	-5.243352e-04	-2.488585e-04	5.640978e-05	3.347420e-04	5.195006e-04	5.868479e-04	5.722857e-04	5.388910e-04	5.242218e-04	5.402838e-04	5.873524e-04	6.631323e-04	7.661163e-04	8.963403e-04	1.055646e-03	1.247888e-03	1.477368e-03	1.750344e-03	2.073412e-03	2.459095e-03	2.918189e-03	3.472496e-03	4.142301e-03	4.960618e-03	5.975694e-03	7.249832e-03	8.873450e-03	1.096515e-02	1.324729e-02	1.028384e-02	7.796632e-03	5.959148e-03	4.585419e-03	3.543497e-03	2.744284e-03	2.123306e-03	1.636005e-03	1.252663e-03	9.479668e-04	7.058173e-04
1.320000e+02	 -1.240060e-03	-1.180943e-03	-1.077500e-03	-9.229297e-04	-7.134904e-04	-4.532993e-04	-1.647975e-04	1.033512e-04	2.925549e-04	3.764095e-04	3.851114e-04	3.737701e-04	3.766843e-04	4.054554e-04	4.600787e-04	5.387844e-04	6.412435e-04	7.685944e-04	9.225880e-04	1.106677e-03	1.324732e-03	1.583181e-03	1.888606e-03	2.253210e-03	2.687093e-03	3.210436e-03	3.842685e-03	4.615380e-03	5.573717e-03	6.776394e-03	8.308940e-03	1.028384e-02	1.244052e-02	9.663916e-03	7.330586e-03	5.605048e-03	4.314110e-03	3.334293e-03	2.582371e-03	1.997585e-03	1.538634e-03	1.177396e-03	8.897821e-04
1.360000e+02	 -1.366801e-03	-1.327708e-03	-1.259568e-03	-1.156454e-03	-1.010357e-03	-8.167793e-04	-5.775070e-04	-3.100138e-04	-5.722669e-05	1.281525e-04	2.207118e-04	2.453425e-04	2.501871e-04	2.651331e-04	3.009716e-04	3.589186e-04	4.383886e-04	5.394620e-04	6.628503e-04	8.102708e-04	9.853677e-04	1.192205e-03	1.437311e-03	1.726890e-03	2.072037e-03	2.482357e-03	2.977396e-03	3.575347e-03	4.305543e-03	5.211253e-03	6.347928e-03	7.796632e-03	9.663916e-03	1.170600e-02	9.099177e-03	6.905275e-03	5.281857e-03	4.066526e-03	3.143486e-03	2.434675e-03	1.883176e-03	1.449799e-03	1.108376e-03
1.400000e+02	 -1.410293e-03	-1.384987e-03	-1.341836e-03	-1.274340e-03	-1.178202e-03	-1.045063e-03	-8.688785e-04	-6.508734e-04	-4.052094e-04	-1.690856e-04	1.005321e-05	1.074022e-04	1.422052e-04	1.566657e-04	1.785116e-04	2.185782e-04	2.784398e-04	3.572755e-04	4.552028e-04	5.733110e-04	7.139060e-04	8.807272e-04	1.077606e-03	1.310268e-03	1.584833e-03	1.911938e-03	2.300705e-03	2.769306e-03	3.335157e-03	4.026226e-03	4.883313e-03	5.959148e-03	7.330586e-03	9.099177e-03	1.103414e-02	8.581942e-03	6.515939e-03	4.986030e-03	3.839950e-03	2.969129e-03	2.299577e-03	1.778141e-03	1.368108e-03
1.440000e+02	 -1.403794e-03	-1.388462e-03	-1.359926e-03	-1.318011e-03	-1.256149e-03	-1.169141e-03	-1.048622e-03	-8.895761e-04	-6.910906e-04	-4.648322e-04	-2.439806e-04	-7.297562e-05	2.411964e-05	6.392291e-05	8.458069e-05	1.113462e-04	1.537605e-04	2.132659e-04	2.897243e-04	3.839516e-04	4.972927e-04	6.318534e-04	7.908330e-04	9.780365e-04	1.199230e-03	1.459928e-03	1.770121e-03	2.138521e-03	2.582471e-03	3.118612e-03	3.773291e-03	4.585419e-03	5.605048e-03	6.905275e-03	8.581942e-03	1.041856e-02	8.107455e-03	6.159579e-03	4.714966e-03	3.632288e-03	2.808542e-03	2.174941e-03	1.681423e-03
1.480000e+02	 -1.367869e-03	-1.357663e-03	-1.341147e-03	-1.314683e-03	-1.275864e-03	-1.220302e-03	-1.141893e-03	-1.033546e-03	-8.885304e-04	-7.063679e-04	-4.980573e-04	-2.937807e-04	-1.330797e-04	-3.824078e-05	4.750885e-06	2.934260e-05	5.828127e-05	1.008780e-04	1.592216e-04	2.335709e-04	3.245295e-04	4.331854e-04	5.617028e-04	7.133566e-04	8.916918e-04	1.101813e-03	1.349278e-03	1.643625e-03	1.992815e-03	2.414005e-03	2.922401e-03	3.543497e-03	4.314110e-03	5.281857e-03	6.515939e-03	8.107455e-03	9.855354e-03	7.673358e-03	5.831619e-03	4.465218e-03	3.440218e-03	2.660365e-03	2.060445e-03
1.520000e+02	 -1.313951e-03	-1.309826e-03	-1.299421e-03	-1.283761e-03	-1.259798e-03	-1.225283e-03	-1.175059e-03	-1.103441e-03	-1.003991e-03	-8.718039e-04	-7.061729e-04	-5.158412e-04	-3.269894e-04	-1.759264e-04	-8.439923e-05	-4.085315e-05	-1.477532e-05	1.519686e-05	5.797545e-05	1.153247e-04	1.873310e-04	2.748034e-04	3.790215e-04	5.019345e-04	6.464674e-04	8.160548e-04	1.015752e-03	1.250774e-03	1.530112e-03	1.861735e-03	2.261513e-03	2.744284e-03	3.334293e-03	4.066526e-03	4.986030e-03	6.159579e-03	7.673358e-03	9.335506e-03	7.272453e-03	5.528521e-03	4.234599e-03	3.263375e-03	2.523966e-03
1.560000e+02	 -1.253708e-03	-1.251663e-03	-1.245872e-03	-1.236949e-03	-1.222742e-03	-1.201016e-03	-1.168709e-03	-1.121812e-03	-1.056540e-03	-9.670670e-04	-8.479670e-04	-6.971447e-04	-5.222932e-04	-3.476833e-04	-2.069547e-04	-1.202313e-04	-7.707769e-05	-4.967317e-05	-1.875189e-05	2.372065e-05	7.963506e-05	1.493488e-04	2.335443e-04	3.332781e-04	4.504820e-04	5.881321e-04	7.494511e-04	9.391647e-04	1.162449e-03	1.427949e-03	1.743209e-03	2.123306e-03	2.582371e-03	3.143486e-03	3.839950e-03	4.714966e-03	5.831619e-03	7.272453e-03	8.855208e-03	6.901556e-03	5.249014e-03	4.021772e-03	3.099969e-03
1.600000e+02	 -1.192342e-03	-1.189378e-03	-1.186878e-03	-1.181729e-03	-1.172966e-03	-1.158914e-03	-1.137399e-03	-1.107668e-03	-1.066190e-03	-1.008325e-03	-9.278851e-04	-8.195089e-04	-6.818684e-04	-5.219320e-04	-3.612416e-04	-2.302037e-04	-1.475719e-04	-1.047063e-04	-7.660926e-05	-4.539486e-05	-3.388898e-06	5.111393e-05	1.182841e-04	1.989052e-04	2.941632e-04	4.058878e-04	5.368370e-04	6.902229e-04	8.707299e-04	1.082753e-03	1.335895e-03	1.636005e-03	1.997585e-03	2.434675e-03	2.969129e-03	3.632288e-03	4.465218e-03	5.528521e-03	6.901556e-03	8.410943e-03	6.558782e-03	4.989400e-03	3.824208e-03
1.640000e+02	 -1.127727e-03	-1.127938e-03	-1.125746e-03	-1.122423e-03	-1.115961e-03	-1.105946e-03	-1.092400e-03	-1.074069e-03	-1.048634e-03	-1.012016e-03	-9.598842e-04	-8.873568e-04	-7.895483e-04	-6.645794e-04	-5.179461e-04	-3.690244e-04	-2.462239e-04	-1.676172e-04	-1.255638e-04	-9.703901e-05	-6.568787e-05	-2.457347e-05	2.802751e-05	9.251499e-05	1.696098e-04	2.604010e-04	3.667922e-04	4.914929e-04	6.376815e-04	8.096778e-04	1.012123e-03	1.252663e-03	1.538634e-03	1.883176e-03	2.299577e-03	2.808542e-03	3.440218e-03	4.234599e-03	5.249014e-03	6.558782e-03	8.000064e-03	6.240768e-03	4.749486e-03
1.680000e+02	 -1.065349e-03	-1.066379e-03	-1.064756e-03	-1.060526e-03	-1.054900e-03	-1.048282e-03	-1.040456e-03	-1.029831e-03	-1.014242e-03	-9.917221e-04	-9.593490e-04	-9.135136e-04	-8.488417e-04	-7.603533e-04	-6.457354e-04	-5.101109e-04	-3.717476e-04	-2.566598e-04	-1.817666e-04	-1.405362e-04	-1.121218e-04	-8.128234e-05	-4.135433e-05	9.258196e-06	7.091049e-05	1.444408e-04	2.310663e-04	3.326040e-04	4.516418e-04	5.910239e-04	7.549234e-04	9.479668e-04	1.177396e-03	1.449799e-03	1.778141e-03	2.174941e-03	2.660365e-03	3.263375e-03	4.021772e-03	4.989400e-03	6.240768e-03	7.618313e-03	5.945701e-03
1.720000e+02	 -1.007329e-03	-1.005513e-03	-1.002101e-03	-9.976373e-04	-9.933261e-04	-9.897057e-04	-9.855873e-04	-9.796001e-04	-9.705484e-04	-9.574031e-04	-9.386836e-04	-9.110814e-04	-8.705647e-04	-8.119815e-04	-7.308246e-04	-6.252357e-04	-4.997086e-04	-3.705129e-04	-2.622779e-04	-1.911270e-04	-1.512604e-04	-1.233369e-04	-9.322719e-05	-5.477436e-05	-6.310671e-06	5.267666e-05	1.230545e-04	2.058998e-04	3.028441e-04	4.163627e-04	5.493898e-04	7.058173e-04	8.897821e-04	1.108376e-03	1.368108e-03	1.681423e-03	2.060445e-03	2.523966e-03	3.099969e-03	3.824208e-03	4.749486e-03	5.945701e-03	7.263645e-03
