1.92481e+04 1.04851e+04 -1.66012e+04 2.54613e+04 -2.18677e+04 -1.66128e+04 4.89682e+03 4.65155e+03 -6.03596e+02 -4.52854e+02 -3.01712e+02 -2.82462e+02 1.00641e+03 -4.73563e+02 -5.41418e+02 -4.69639e+01 2.82409e+03 4.62907e+02 1.55586e+03 -1.32469e+04 9.00233e+03
1.04851e+04 8.14267e+03 -4.11502e+03 5.23243e+03 -1.66128e+04 -1.32884e+04 4.53871e+03 -2.41897e+03 -4.52854e+02 -3.40067e+02 -6.03596e+02 -2.20084e+02 -8.54807e+02 -6.30194e+02 -8.47724e+01 -1.26273e+01 -3.01354e+03 -1.57348e+03 1.24846e+03 8.23274e+03 -2.14214e+03
-1.66012e+04 -4.11502e+03 2.54652e+04 -4.36296e+04 4.89682e+03 4.53871e+03 4.65155e+03 -1.97604e+04 1.05427e+02 1.45848e+02 -1.17866e+03 -5.41433e+00 -4.32194e+03 -3.21480e+02 1.09942e+03 7.23876e+01 -1.42718e+04 -5.12426e+03 -3.58794e+02 5.17160e+04 -2.65849e+04
2.54613e+04 5.23243e+03 -4.36296e+04 7.96280e+04 4.65155e+03 -2.41897e+03 -1.97604e+04 4.59415e+04 2.67625e+02 -5.98598e+01 3.27133e+03 3.03308e+02 8.63441e+03 6.25408e+02 -2.29279e+03 -1.51144e+02 2.97290e+04 1.09609e+04 -2.57098e+01 -1.06160e+05 5.40057e+04
-2.18677e+04 -1.66128e+04 4.89682e+03 4.65155e+03 6.36004e+04 3.44908e+04 -4.68525e+04 5.14077e+04 2.04509e+03 1.01737e+03 5.29541e+03 1.28011e+03 6.29149e+03 1.52617e+03 -1.80005e+03 -2.13001e+02 2.33170e+04 1.02162e+04 -4.39758e+03 -7.45118e+04 3.28433e+04
-1.66128e+04 -1.32884e+04 4.53871e+03 -2.41897e+03 3.44908e+04 2.36165e+04 -1.68374e+04 1.62199e+04 1.01737e+03 6.36049e+02 2.04509e+03 5.65915e+02 2.75482e+03 1.11414e+03 -3.84478e+02 -3.47763e+01 9.96716e+03 4.59722e+03 -2.49716e+03 -3.05729e+04 1.19589e+04
4.89682e+03 4.53871e+03 4.65155e+03 -1.97604e+04 -4.68525e+04 -1.68374e+04 5.20641e+04 -6.43487e+04 -1.68114e+03 -5.88794e+02 -5.72684e+03 -1.19462e+03 -6.95358e+03 -8.29618e+02 2.70536e+03 3.46477e+02 -2.54055e+04 -1.05342e+04 3.18764e+03 8.44866e+04 -4.04866e+04
4.65155e+03 -2.41897e+03 -1.97604e+04 4.59415e+04 5.14077e+04 1.62199e+04 -6.43487e+04 2.18873e+05 1.90340e+03 5.73972e+02 7.56500e+03 1.42034e+03 1.09485e+04 1.26723e+03 -4.04057e+03 -5.06293e+02 3.84436e+04 1.55352e+04 -3.72982e+03 -1.30048e+05 6.32295e+04
-6.03596e+02 -4.52854e+02 1.05427e+02 2.67625e+02 2.04509e+03 1.01737e+03 -1.68114e+03 1.90340e+03 6.77629e+01 3.11018e+01 1.87876e+02 4.38131e+01 2.19505e+02 4.46075e+01 -7.07838e+01 -8.68804e+00 8.14573e+02 3.51902e+02 -1.40216e+02 -2.63077e+03 1.19038e+03
-4.52854e+02 -3.40067e+02 1.45848e+02 -5.98598e+01 1.01737e+03 6.36049e+02 -5.88794e+02 5.73972e+02 3.11018e+01 1.79013e+01 6.76995e+01 1.80909e+01 8.05189e+01 2.73712e+01 -1.56824e+01 -1.45046e+00 3.01884e+02 1.37487e+02 -7.09395e+01 -9.35770e+02 3.82759e+02
-3.01712e+02 -6.03596e+02 -1.17866e+03 3.27133e+03 5.29541e+03 2.04509e+03 -5.72684e+03 7.56500e+03 1.87876e+02 6.76995e+01 6.64490e+02 1.33195e+02 9.09233e+02 1.21606e+02 -3.22159e+02 -3.92142e+01 3.25077e+03 1.33431e+03 -3.70907e+02 -1.08825e+04 5.20850e+03
-2.82462e+02 -2.20084e+02 -5.41433e+00 3.03308e+02 1.28011e+03 5.65915e+02 -1.19462e+03 1.42034e+03 4.38131e+01 1.80909e+01 1.33195e+02 2.95592e+01 1.57977e+02 2.60361e+01 -5.64270e+01 -7.21354e+00 5.80868e+02 2.46406e+02 -8.78135e+01 -1.90109e+03 8.84040e+02
1.00641e+03 -8.54807e+02 -4.32194e+03 8.63441e+03 6.29149e+03 2.75482e+03 -6.95358e+03 1.09485e+04 2.19505e+02 8.05189e+01 9.09233e+02 1.57977e+02 6.35667e+06 2.82257e+06 -1.04260e+07 -3.64443e+06 1.17674e+06 6.16343e+05 -5.82971e+05 -3.56273e+06 -2.01766e+06
-4.73563e+02 -6.30194e+02 -3.21480e+02 6.25408e+02 1.52617e+03 1.11414e+03 -8.29618e+02 1.26723e+03 4.46075e+01 2.73712e+01 1.21606e+02 2.60361e+01 2.82257e+06 1.52950e+06 -3.64443e+06 -1.57196e+06 9.60428e+05 4.36132e+05 -2.59813e+05 -3.11475e+06 -2.21183e+05
-5.41418e+02 -8.47724e+01 1.09942e+03 -2.29279e+03 -1.80005e+03 -3.84478e+02 2.70536e+03 -4.04057e+03 -7.07838e+01 -1.56824e+01 -3.22159e+02 -5.64270e+01 -1.04260e+07 -3.64443e+06 2.98308e+07 9.80112e+06 5.91298e+06 1.80525e+06 1.17658e+06 -2.20659e+07 1.31922e+07
-4.69639e+01 -1.26273e+01 7.23876e+01 -1.51144e+02 -2.13001e+02 -3.47763e+01 3.46477e+02 -5.06293e+02 -8.68804e+00 -1.45046e+00 -3.92142e+01 -7.21354e+00 -3.64443e+06 -1.57196e+06 9.80112e+06 4.18468e+06 1.98430e+06 6.40694e+05 2.84471e+05 -7.29444e+06 3.55876e+06
2.82409e+03 -3.01354e+03 -1.42718e+04 2.97290e+04 2.33170e+04 9.96716e+03 -2.54055e+04 3.84436e+04 8.14573e+02 3.01884e+02 3.25077e+03 5.80868e+02 1.17674e+06 9.60428e+05 5.91298e+06 1.98430e+06 7.95996e+06 2.60830e+06 7.37080e+05 -2.99503e+07 9.93198e+06
4.62907e+02 -1.57348e+03 -5.12426e+03 1.09609e+04 1.02162e+04 4.59722e+03 -1.05342e+04 1.55352e+04 3.51902e+02 1.37487e+02 1.33431e+03 2.46406e+02 6.16343e+05 4.36132e+05 1.80525e+06 6.40694e+05 2.60830e+06 9.13444e+05 1.46810e+05 -9.35817e+06 3.21347e+06
1.55586e+03 1.24846e+03 -3.58794e+02 -2.57098e+01 -4.39758e+03 -2.49716e+03 3.18764e+03 -3.72982e+03 -1.40216e+02 -7.09395e+01 -3.70907e+02 -8.78135e+01 -5.82971e+05 -2.59813e+05 1.17658e+06 2.84471e+05 7.37080e+05 1.46810e+05 3.90619e+05 -2.83774e+06 1.94102e+06
-1.32469e+04 8.23274e+03 5.17160e+04 -1.06160e+05 -7.45118e+04 -3.05729e+04 8.44866e+04 -1.30048e+05 -2.63077e+03 -9.35770e+02 -1.08825e+04 -1.90109e+03 -3.56273e+06 -3.11475e+06 -2.20659e+07 -7.29444e+06 -2.99503e+07 -9.35817e+06 -2.83774e+06 1.24316e+08 -3.53772e+07
9.00233e+03 -2.14214e+03 -2.65849e+04 5.40057e+04 3.28433e+04 1.19589e+04 -4.04866e+04 6.32295e+04 1.19038e+03 3.82759e+02 5.20850e+03 8.84040e+02 -2.01766e+06 -2.21183e+05 1.31922e+07 3.55876e+06 9.93198e+06 3.21347e+06 1.94102e+06 -3.53772e+07 1.96189e+07
