5.49670e+02 2.38707e+02 -6.00039e+02 9.72996e+02 -3.40194e+02 -2.64922e+02 3.37023e+01 2.06476e+02 0.00000e+00 0.00000e+00 0.00000e+00 0.00000e+00 0.00000e+00 0.00000e+00 0.00000e+00 0.00000e+00 1.30882e+02 4.24688e+01 1.80743e+01 -4.84956e+02 3.40866e+02
2.38707e+02 1.60828e+02 -1.37238e+02 1.80413e+02 -2.64922e+02 -2.00397e+02 8.10049e+01 -2.59730e+01 0.00000e+00 0.00000e+00 0.00000e+00 0.00000e+00 0.00000e+00 0.00000e+00 0.00000e+00 0.00000e+00 -1.79182e+01 -8.53433e+00 5.28142e+00 5.42939e+01 -5.24821e+00
-6.00039e+02 -1.37238e+02 9.76850e+02 -1.72686e+03 3.37023e+01 8.10049e+01 2.06476e+02 -5.96971e+02 0.00000e+00 0.00000e+00 0.00000e+00 0.00000e+00 0.00000e+00 0.00000e+00 0.00000e+00 0.00000e+00 -3.40614e+02 -1.17146e+02 -2.81593e+01 1.23258e+03 -7.88463e+02
9.72996e+02 1.80413e+02 -1.72686e+03 3.23197e+03 2.06476e+02 -2.59730e+01 -5.96971e+02 1.29821e+03 0.00000e+00 0.00000e+00 0.00000e+00 0.00000e+00 0.00000e+00 0.00000e+00 0.00000e+00 0.00000e+00 6.63872e+02 2.29143e+02 5.25545e+01 -2.39863e+03 1.52859e+03
-3.40194e+02 -2.64922e+02 3.37023e+01 2.06476e+02 9.61441e+02 4.36827e+02 -6.82593e+02 7.71890e+02 0.00000e+00 0.00000e+00 0.00000e+00 0.00000e+00 0.00000e+00 0.00000e+00 0.00000e+00 0.00000e+00 2.09996e+02 7.80852e+01 6.20615e-01 -7.33916e+02 4.20708e+02
-2.64922e+02 -2.00397e+02 8.10049e+01 -2.59730e+01 4.36827e+02 2.83630e+02 -2.40605e+02 2.31954e+02 0.00000e+00 0.00000e+00 0.00000e+00 0.00000e+00 0.00000e+00 0.00000e+00 0.00000e+00 0.00000e+00 8.33078e+01 3.22072e+01 -3.25657e+00 -2.85674e+02 1.44175e+02
3.37023e+01 8.10049e+01 2.06476e+02 -5.96971e+02 -6.82593e+02 -2.40605e+02 1.42830e+03 -1.00320e+03 0.00000e+00 0.00000e+00 0.00000e+00 0.00000e+00 0.00000e+00 0.00000e+00 0.00000e+00 0.00000e+00 -2.57168e+02 -9.24889e+01 -9.69558e+00 9.12777e+02 -5.66742e+02
2.06476e+02 -2.59730e+01 -5.96971e+02 1.29821e+03 7.71890e+02 2.31954e+02 -1.00320e+03 1.29916e+05 0.00000e+00 0.00000e+00 0.00000e+00 0.00000e+00 0.00000e+00 0.00000e+00 0.00000e+00 0.00000e+00 4.30207e+02 1.53135e+02 2.07446e+01 -1.53402e+03 9.61150e+02
0.00000e+00 0.00000e+00 0.00000e+00 0.00000e+00 0.00000e+00 0.00000e+00 0.00000e+00 0.00000e+00 6.33524e-02 0.00000e+00 0.00000e+00 0.00000e+00 0.00000e+00 0.00000e+00 0.00000e+00 0.00000e+00 0.00000e+00 0.00000e+00 0.00000e+00 0.00000e+00 0.00000e+00
0.00000e+00 0.00000e+00 0.00000e+00 0.00000e+00 0.00000e+00 0.00000e+00 0.00000e+00 0.00000e+00 0.00000e+00 2.76049e-02 0.00000e+00 0.00000e+00 0.00000e+00 0.00000e+00 0.00000e+00 0.00000e+00 0.00000e+00 0.00000e+00 0.00000e+00 0.00000e+00 0.00000e+00
0.00000e+00 0.00000e+00 0.00000e+00 0.00000e+00 0.00000e+00 0.00000e+00 0.00000e+00 0.00000e+00 0.00000e+00 0.00000e+00 7.56622e-01 0.00000e+00 0.00000e+00 0.00000e+00 0.00000e+00 0.00000e+00 0.00000e+00 0.00000e+00 0.00000e+00 0.00000e+00 0.00000e+00
0.00000e+00 0.00000e+00 0.00000e+00 0.00000e+00 0.00000e+00 0.00000e+00 0.00000e+00 0.00000e+00 0.00000e+00 0.00000e+00 0.00000e+00 1.59445e-02 0.00000e+00 0.00000e+00 0.00000e+00 0.00000e+00 0.00000e+00 0.00000e+00 0.00000e+00 0.00000e+00 0.00000e+00
0.00000e+00 0.00000e+00 0.00000e+00 0.00000e+00 0.00000e+00 0.00000e+00 0.00000e+00 0.00000e+00 0.00000e+00 0.00000e+00 0.00000e+00 0.00000e+00 6.35501e+06 2.82232e+06 -1.04256e+07 -3.64438e+06 1.17107e+06 6.14076e+05 -5.82486e+05 -3.54343e+06 -2.02694e+06
0.00000e+00 0.00000e+00 0.00000e+00 0.00000e+00 0.00000e+00 0.00000e+00 0.00000e+00 0.00000e+00 0.00000e+00 0.00000e+00 0.00000e+00 0.00000e+00 2.82232e+06 1.52942e+06 -3.64438e+06 -1.57196e+06 9.59629e+05 4.35789e+05 -2.59681e+05 -3.11216e+06 -2.22295e+05
0.00000e+00 0.00000e+00 0.00000e+00 0.00000e+00 0.00000e+00 0.00000e+00 0.00000e+00 0.00000e+00 0.00000e+00 0.00000e+00 0.00000e+00 0.00000e+00 -1.04256e+07 -3.64438e+06 2.98306e+07 9.80109e+06 5.91466e+06 1.80592e+06 1.17644e+06 -2.20716e+07 1.31951e+07
0.00000e+00 0.00000e+00 0.00000e+00 0.00000e+00 0.00000e+00 0.00000e+00 0.00000e+00 0.00000e+00 0.00000e+00 0.00000e+00 0.00000e+00 0.00000e+00 -3.64438e+06 -1.57196e+06 9.80109e+06 4.18467e+06 1.98446e+06 6.40761e+05 2.84454e+05 -7.29500e+06 3.55904e+06
1.30882e+02 -1.79182e+01 -3.40614e+02 6.63872e+02 2.09996e+02 8.33078e+01 -2.57168e+02 4.30207e+02 0.00000e+00 0.00000e+00 0.00000e+00 0.00000e+00 1.17107e+06 9.59629e+05 5.91466e+06 1.98446e+06 7.93941e+06 2.60048e+06 7.37841e+05 -2.98780e+07 9.89727e+06
4.24688e+01 -8.53433e+00 -1.17146e+02 2.29143e+02 7.80852e+01 3.22072e+01 -9.24889e+01 1.53135e+02 0.00000e+00 0.00000e+00 0.00000e+00 0.00000e+00 6.14076e+05 4.35789e+05 1.80592e+06 6.40761e+05 2.60048e+06 9.10282e+05 1.47565e+05 -9.33169e+06 3.20084e+06
1.80743e+01 5.28142e+00 -2.81593e+01 5.25545e+01 6.20615e-01 -3.25657e+00 -9.69558e+00 2.07446e+01 0.00000e+00 0.00000e+00 0.00000e+00 0.00000e+00 -5.82486e+05 -2.59681e+05 1.17644e+06 2.84454e+05 7.37841e+05 1.47565e+05 3.89311e+05 -2.83806e+06 1.94043e+06
-4.84956e+02 5.42939e+01 1.23258e+03 -2.39863e+03 -7.33916e+02 -2.85674e+02 9.12777e+02 -1.53402e+03 0.00000e+00 0.00000e+00 0.00000e+00 0.00000e+00 -3.54343e+06 -3.11216e+06 -2.20716e+07 -7.29500e+06 -2.98780e+07 -9.33169e+06 -2.83806e+06 1.24051e+08 -3.52525e+07
3.40866e+02 -5.24821e+00 -7.88463e+02 1.52859e+03 4.20708e+02 1.44175e+02 -5.66742e+02 9.61150e+02 0.00000e+00 0.00000e+00 0.00000e+00 0.00000e+00 -2.02694e+06 -2.22295e+05 1.31951e+07 3.55904e+06 9.89727e+06 3.20084e+06 1.94043e+06 -3.52525e+07 1.95561e+07
