2.32400e+04 1.20823e+04 -2.14246e+04 3.35769e+04 -2.40541e+04 -1.85785e+04 4.34658e+03 7.79096e+03 -6.35389e+02 -4.88773e+02 -1.74138e+02 -2.88997e+02 1.47185e+03 -4.74629e+02 -6.89689e+02 -5.97051e+01 4.50997e+03 1.11959e+03 1.45167e+03 -1.91268e+04 1.23122e+04
1.20823e+04 9.17030e+03 -5.13594e+03 6.66327e+03 -1.85785e+04 -1.48040e+04 5.04723e+03 -2.38539e+03 -4.88773e+02 -3.67187e+02 -6.35389e+02 -2.37047e+02 -8.56730e+02 -6.65995e+02 -1.07771e+02 -1.64337e+01 -3.14748e+03 -1.64089e+03 1.29654e+03 8.61284e+03 -2.15447e+03
-2.14246e+04 -5.13594e+03 3.35807e+04 -5.82888e+04 4.34658e+03 5.04723e+03 7.79096e+03 -2.72989e+04 7.28465e+01 1.54211e+02 -1.58522e+03 -4.31427e+01 -5.39036e+03 -4.02968e+02 1.38951e+03 9.36275e+01 -1.85056e+04 -6.81369e+03 8.05069e+00 6.62513e+04 -3.42634e+04
3.35769e+04 6.66327e+03 -5.82888e+04 1.06898e+05 7.79096e+03 -2.38539e+03 -2.72989e+04 6.15295e+04 3.76495e+02 -5.32853e+01 4.14720e+03 4.04212e+02 1.07169e+04 7.90415e+02 -2.86770e+03 -1.95128e+02 3.81158e+04 1.43174e+04 -7.77992e+02 -1.34896e+05 6.91136e+04
-2.40541e+04 -1.85785e+04 4.34658e+03 7.79096e+03 7.22295e+04 3.86770e+04 -5.43024e+04 6.03734e+04 2.24520e+03 1.10526e+03 5.90185e+03 1.41242e+03 7.09186e+03 1.66551e+03 -2.04919e+03 -2.40548e+02 2.68719e+04 1.17069e+04 -4.89532e+03 -8.63041e+04 3.85837e+04
-1.85785e+04 -1.48040e+04 5.04723e+03 -2.38539e+03 3.86770e+04 2.62126e+04 -1.93132e+04 1.87139e+04 1.10526e+03 6.85732e+02 2.24520e+03 6.17548e+02 3.00633e+03 1.19028e+03 -4.34202e+02 -3.81285e+01 1.11918e+04 5.11810e+03 -2.68771e+03 -3.45934e+04 1.37636e+04
4.34658e+03 5.04723e+03 7.79096e+03 -2.72989e+04 -5.43024e+04 -1.93132e+04 6.10298e+04 -7.67312e+04 -1.87394e+03 -6.49296e+02 -6.48565e+03 -1.33691e+03 -8.07027e+03 -9.52845e+02 3.10056e+03 3.93030e+02 -3.00508e+04 -1.24596e+04 3.77957e+03 1.00027e+05 -4.84073e+04
7.79096e+03 -2.38539e+03 -2.72989e+04 6.15295e+04 6.03734e+04 1.87139e+04 -7.67312e+04 2.37721e+05 2.14732e+03 6.37899e+02 8.68076e+03 1.60939e+03 1.28168e+04 1.45849e+03 -4.67232e+03 -5.76267e+02 4.60260e+04 1.86575e+04 -4.64319e+03 -1.55537e+05 7.63414e+04
-6.35389e+02 -4.88773e+02 7.28465e+01 3.76495e+02 2.24520e+03 1.10526e+03 -1.87394e+03 2.14732e+03 7.26607e+01 3.30570e+01 2.04099e+02 4.71704e+01 2.41751e+02 4.78913e+01 -7.81052e+01 -9.52079e+00 9.08456e+02 3.91603e+02 -1.54379e+02 -2.94105e+03 1.34325e+03
-4.88773e+02 -3.67187e+02 1.54211e+02 -5.32853e+01 1.10526e+03 6.85732e+02 -6.49296e+02 6.37899e+02 3.30570e+01 1.89109e+01 7.25973e+01 1.92920e+01 8.64463e+01 2.88208e+01 -1.71855e+01 -1.58912e+00 3.29444e+02 1.49286e+02 -7.54646e+01 -1.02598e+03 4.24377e+02
-1.74138e+02 -6.35389e+02 -1.58522e+03 4.14720e+03 5.90185e+03 2.24520e+03 -6.48565e+03 8.68076e+03 2.04099e+02 7.25973e+01 7.33454e+02 1.45353e+02 1.02178e+03 1.33930e+02 -3.59431e+02 -4.32703e+01 3.70064e+03 1.52248e+03 -4.33553e+02 -1.23823e+04 5.97000e+03
-2.88997e+02 -2.37047e+02 -4.31427e+01 4.04212e+02 1.41242e+03 6.17548e+02 -1.33691e+03 1.60939e+03 4.71704e+01 1.92920e+01 1.45353e+02 3.19470e+01 1.75353e+02 2.82607e+01 -6.23733e+01 -7.90423e+00 6.52469e+02 2.76585e+02 -9.83645e+01 -2.13834e+03 1.00265e+03
1.47185e+03 -8.56730e+02 -5.39036e+03 1.07169e+04 7.09186e+03 3.00633e+03 -8.07027e+03 1.28168e+04 2.41751e+02 8.64463e+01 1.02178e+03 1.75353e+02 6.35689e+06 2.82259e+06 -1.04261e+07 -3.64443e+06 1.17759e+06 6.16698e+05 -5.83083e+05 -3.56559e+06 -2.01620e+06
-4.74629e+02 -6.65995e+02 -4.02968e+02 7.90415e+02 1.66551e+03 1.19028e+03 -9.52845e+02 1.45849e+03 4.78913e+01 2.88208e+01 1.33930e+02 2.82607e+01 2.82259e+06 1.52950e+06 -3.64443e+06 -1.57196e+06 9.60522e+05 4.36171e+05 -2.59827e+05 -3.11506e+06 -2.21031e+05
-6.89689e+02 -1.07771e+02 1.38951e+03 -2.86770e+03 -2.04919e+03 -4.34202e+02 3.10056e+03 -4.67232e+03 -7.81052e+01 -1.71855e+01 -3.59431e+02 -6.23733e+01 -1.04261e+07 -3.64443e+06 2.98308e+07 9.80112e+06 5.91273e+06 1.80514e+06 1.17661e+06 -2.20650e+07 1.31918e+07
-5.97051e+01 -1.64337e+01 9.36275e+01 -1.95128e+02 -2.40548e+02 -3.81285e+01 3.93030e+02 -5.76267e+02 -9.52079e+00 -1.58912e+00 -4.32703e+01 -7.90423e+00 -3.64443e+06 -1.57196e+06 9.80112e+06 4.18468e+06 1.98427e+06 6.40684e+05 2.84474e+05 -7.29436e+06 3.55872e+06
4.50997e+03 -3.14748e+03 -1.85056e+04 3.81158e+04 2.68719e+04 1.11918e+04 -3.00508e+04 4.60260e+04 9.08456e+02 3.29444e+02 3.70064e+03 6.52469e+02 1.17759e+06 9.60522e+05 5.91273e+06 1.98427e+06 7.96362e+06 2.60974e+06 7.36816e+05 -2.99630e+07 9.93845e+06
1.11959e+03 -1.64089e+03 -6.81369e+03 1.43174e+04 1.17069e+04 5.11810e+03 -1.24596e+04 1.86575e+04 3.91603e+02 1.49286e+02 1.52248e+03 2.76585e+02 6.16698e+05 4.36171e+05 1.80514e+06 6.40684e+05 2.60974e+06 9.14036e+05 1.46638e+05 -9.36301e+06 3.21594e+06
1.45167e+03 1.29654e+03 8.05069e+00 -7.77992e+02 -4.89532e+03 -2.68771e+03 3.77957e+03 -4.64319e+03 -1.54379e+02 -7.54646e+01 -4.33553e+02 -9.83645e+01 -5.83083e+05 -2.59827e+05 1.17661e+06 2.84474e+05 7.36816e+05 1.46638e+05 3.90826e+05 -2.83716e+06 1.94077e+06
-1.91268e+04 8.61284e+03 6.62513e+04 -1.34896e+05 -8.63041e+04 -3.45934e+04 1.00027e+05 -1.55537e+05 -2.94105e+03 -1.02598e+03 -1.23823e+04 -2.13834e+03 -3.56559e+06 -3.11506e+06 -2.20650e+07 -7.29436e+06 -2.99630e+07 -9.36301e+06 -2.83716e+06 1.24362e+08 -3.54000e+07
1.23122e+04 -2.15447e+03 -3.42634e+04 6.91136e+04 3.85837e+04 1.37636e+04 -4.84073e+04 7.63414e+04 1.34325e+03 4.24377e+02 5.97000e+03 1.00265e+03 -2.01620e+06 -2.21031e+05 1.31918e+07 3.55872e+06 9.93845e+06 3.21594e+06 1.94077e+06 -3.54000e+07 1.96308e+07
